0.000211906
0.000197362
0.000190645
0.000189582
0.000196455
0.000197076
0.000186242
0.000230326
0.000177749
0.000144731
0.000151935
0.000133803
0.000175799
0.000194163
0.000206854
0.000190283
0.00018929
0.000160227
0.000192821
0.000206227
0.00019601
0.000191968
0.000191257
0.000191366
0.000192467
0.000185933
0.000192243
0.000184394
0.000190904
0.000238254
0.000164618
0.000198044
0.00019879
0.000191602
0.000231024
0.000196461
0.000190264
0.000198015
0.000194528
0.00018637
0.000172025
0.000193323
0.000173185
0.000169045
0.000192178
0.000193165
0.000188583
0.00017837
0.000190968
0.000182762
0.000181202
0.000159452
0.000172225
0.000178996
0.000164369
0.000194043
0.000197833
0.000205205
0.000190267
0.000190415
0.000207873
0.000163952
0.000170686
0.000208276
0.000201959
0.000187838
0.000177542
0.000163785
0.000203108
0.000236432
0.000190614
0.000194696
0.000204104
0.000192267
0.000200203
0.000195232
0.000191339
0.000189791
0.000168106
0.000186652
0.000201047
0.000201678
0.00018966
0.000191064
0.000191343
0.000185014
0.000197676
0.000210888
0.000189208
0.00017887
0.000198074
0.000186186
0.000188533
0.000196477
0.000166854
0.000168525
0.000178971
0.000202244
0.000187187
0.000153305
0.000143587
0.000172987
0.000196341
0.000207982
0.00018653
0.000174234
0.000185205
0.000197002
0.000194557
0.000198115
0.000230443
0.000189747
0.000202021
0.000141966
0.000151479
0.000193863
0.000235524
0.000203486
0.00020867
0.000195778
0.00019447
0.000201678
0.000176486
0.000184259
0.000206788
0.000219458
0.000208351
0.000207575
0.000181745
0.000193094
0.000181481
0.000136922
0.00015984
0.000161592
0.000137273
0.000160927
0.00018464
0.000199834
0.000191473
0.000218566
0.000192662
0.000187036
0.000192602
0.000185542
0.000185306
0.00019036
0.000199736
0.000181141
0.000191142
0.000191322
0.000207822
0.000189025
0.000190701
0.000193731
0.000189809
0.000198278
0.000175361
0.000168079
0.00018643
0.000196844
0.000187445
0.000177581
0.000196178
0.000190889
0.000200238
0.000195407
0.000196424
0.000224506
0.000192449
0.000219544
0.000192559
0.000203628
0.000183858
0.000229015
0.00019141
0.000192641
0.000194289
0.000204998
0.000192088
0.000190175
0.000196085
0.000190683
0.00018766
0.000186788
0.000190674
0.000193772
0.000185366
0.000190785
0.000195323
0.000261143
0.000192466
0.000177875
0.000184294
0.000178816
0.000225879
0.000198079
0.000195094
0.000194151
0.000207444
0.000183042
0.000182447
0.000159795
0.000188481
0.000184933
0.000202696
0.000203826
0.000226163
0.000217473
0.00019974
0.000209499
0.0002093
0.000192504
0.000205211
0.000199106
0.000204451
0.00019448
0.000205791
0.00018744
0.000184137
0.000187063
0.000185876
0.000180364
0.000192344
0.000184776
0.000158403
0.000146028
0.000145623
0.000131342
0.00014897
0.000195109
0.000192841
0.00014812
0.000238949
0.000227979
0.000205108
0.000289675
0.000214504
0.000268291
0.000183837
0.000145118
0.000130964
0.00018777
0.000191889
0.000208219
0.00020778
0.000193729
0.00021115
0.0001969
0.00020096
0.000212129
0.000192041
0.000197452
0.000182489
0.000184054
0.000190056
0.00021509
0.000220152
0.000190296
0.000221693
0.000192393
0.000197866
0.000180639
0.000180833
0.000181226
0.000190567
0.000192089
0.000172126
0.000174668
0.00020391
0.000155649
0.00018128
0.000194042
0.000173889
0.000224231
0.000181995
0.000189576
0.000196068
0.000202553
0.000164015
0.000192523
0.000206634
0.000188496
0.00018781
0.000187263
0.000175539
0.000188471
0.000164083
0.000177273
0.000189282
0.000190723
0.000193997
0.000219995
0.000177428
0.000189985
0.000198375
0.000207249
0.000180068
0.000196141
0.00017489
0.00015947
0.00017249
0.000245049
0.000231758
0.00019485
0.000233806
0.000209262
0.000180924
0.000175144
0.000186577
0.000186105
0.00017804
0.000180064
0.000182912
0.000161437
0.000172273
0.000158827
0.000160743
0.000193481
0.000208814
0.000202148
0.000209733
0.000200164
0.000200903
0.000216977
0.000189975
0.000191072
0.000204252
0.000199168
0.000263015
0.000249494
0.000241436
0.000234841
0.000230267
0.000197025
0.000195544
0.000190899
0.000196404
0.000169711
0.000199452
0.000200523
0.000208038
0.000193383
0.00018638
0.000186719
0.000188615
0.000187101
0.000198682
0.000182564
0.000188718
0.000192173
0.000183244
0.000192533
0.000186834
0.000139692
0.000192095
0.00021318
0.000192715
0.000189961
0.000210892
0.000190917
0.000174933
0.000152725
0.000145018
0.000126561
0.00016266
0.000206737
0.000198754
0.000198592
0.000209407
0.000191657
0.000189365
0.000190741
0.000194817
0.000182866
0.000144328
0.000131858
0.000134741
0.000192618
0.000204533
0.000189888
0.000188366
0.000189565
0.00018419
0.000165822
0.0001561
0.000173697
0.000189403
0.00019245
0.000201617
0.000198132
0.000153681
0.000189884
0.000192644
0.000191749
0.00017567
0.000166658
0.000163534
0.00018696
0.000159489
0.000168742
