2.47e-07
1.92e-07
1.82e-07
1.7e-07
2.06e-07
1.82e-07
1.6e-07
1.68e-07
1.57e-07
1.74e-07
1.54e-07
3.03e-07
1.36e-07
1.38e-07
1.41e-07
1.39e-07
1.38e-07
1.28e-07
2.48e-07
1.12e-07
1.23e-07
1.21e-07
1.22e-07
1.16e-07
1.1e-07
1.16e-07
2.31e-07
1.09e-07
1.19e-07
1.32e-07
1.11e-07
1.06e-07
1.16e-07
1.06e-07
1.99e-07
1.59e-07
1.12e-07
1.11e-07
1.42e-07
3.33e-07
1.9e-07
1.72e-07
3.97e-07
4.32e-07
1.096e-06
2.23e-07
2.95e-07
3.07e-07
3.07e-07
4.17e-07
1.75e-07
3.07e-07
3.55e-07
4.42e-07
3.09e-07
1.72e-07
2.76e-07
4.42e-07
2.97e-07
1.81e-07
3.11e-07
3.58e-07
3.39e-07
3.17e-07
1.73e-07
4.23e-07
2.99e-07
3.47e-07
1.22e-07
3.57e-07
2.08e-07
2.08e-07
1.96e-07
1.39e-07
2.12e-07
2.5e-07
2.03e-07
1.18e-07
1.93e-07
1.83e-07
1.9e-07
2e-07
1.13e-07
1.92e-07
2.41e-07
1.86e-07
7.91e-07
1.28e-07
1.97e-07
2.05e-07
2.49e-07
1.21e-07
2e-07
2e-07
2.07e-07
2.91e-07
2.34e-07
2.1e-07
2.16e-07
2.28e-07
1.41e-07
2.95e-07
2.03e-07
2.01e-07
2.01e-07
1.13e-07
2.01e-07
3.14e-07
2.08e-07
1.25e-07
2.03e-07
2.12e-07
2.25e-07
2.29e-07
1.31e-07
2.17e-07
2.17e-07
2.17e-07
3.06e-07
1.24e-07
2.18e-07
2.02e-07
2.16e-07
1.65e-07
2.15e-07
2.17e-07
2.11e-07
2.03e-07
1.3e-07
6.52e-07
2.09e-07
2.09e-07
1.42e-07
3.2e-07
2.39e-07
1.99e-07
2e-07
1.39e-07
2.09e-07
2.12e-07
1.88e-07
1.22e-07
1.99e-07
2.4e-07
2.48e-07
3.91e-07
1.55e-07
2.26e-07
2.02e-07
2.43e-07
2.05e-07
1.25e-07
2.1e-07
2.13e-07
2.24e-07
1.16e-07
2.09e-07
2.02e-07
2.01e-07
2.03e-07
1.56e-07
1.99e-07
2.02e-07
2.11e-07
1.25e-07
2.05e-07
2.35e-07
2.08e-07
2.12e-07
1.42e-07
2.06e-07
6.08e-07
2.06e-07
1.41e-07
2.13e-07
2.14e-07
2.35e-07
2.08e-07
1.39e-07
2.12e-07
2.29e-07
2.36e-07
2.24e-07
1.37e-07
2.09e-07
2.15e-07
2.14e-07
1.48e-07
2.16e-07
2.07e-07
2.52e-07
2.12e-07
1.8e-07
2.2e-07
2.19e-07
2.15e-07
1.48e-07
2.58e-07
2.19e-07
2.24e-07
2.54e-07
1.42e-07
4.55e-07
3.45e-07
3.33e-07
2.15e-07
3.34e-07
3.13e-07
3.48e-07
3.08e-07
2.24e-07
3.48e-07
3.73e-07
7.21e-07
3.44e-07
2.02e-07
3.49e-07
3.42e-07
3.67e-07
2.63e-07
3.32e-07
3.45e-07
3.77e-07
3.36e-07
2.14e-07
4.27e-07
3.84e-07
2.66e-07
1.61e-07
2.66e-07
2.49e-07
2.41e-07
2.36e-07
1.67e-07
3.89e-07
2.2e-07
2.38e-07
1.48e-07
2.39e-07
2.83e-07
2.45e-07
2.38e-07
1.56e-07
2.75e-07
2.83e-07
2.35e-07
2.39e-07
1.68e-07
2.38e-07
2.53e-07
2.51e-07
1.61e-07
2.34e-07
2.31e-07
2.25e-07
5.35e-07
1.47e-07
2.36e-07
2.77e-07
2.27e-07
1.47e-07
2.25e-07
2.23e-07
2.35e-07
2.29e-07
1.49e-07
2.17e-07
2.36e-07
2.3e-07
1.43e-07
2.45e-07
2.32e-07
2.27e-07
2.66e-07
1.41e-07
2.32e-07
2.35e-07
2.35e-07
2.26e-07
1.56e-07
2.26e-07
2.34e-07
2.26e-07
1.54e-07
2.43e-07
2.28e-07
2.26e-07
2.4e-07
1.45e-07
2.23e-07
2.53e-07
2.73e-07
1.54e-07
2.22e-07
2.18e-07
2.51e-07
2.61e-07
1.59e-07
4.32e-07
2.22e-07
2.39e-07
1.59e-07
2.32e-07
2.29e-07
2.31e-07
2.25e-07
1.35e-07
4.41e-07
2.78e-07
3.17e-07
2.35e-07
1.58e-07
2.37e-07
3.3e-07
4.05e-07
2.07e-07
7.76e-07
3.94e-07
4.7e-07
6.17e-07
1.91e-07
4.47e-07
2.86e-07
2.59e-07
1.67e-07
2.76e-07
2.64e-07
2.38e-07
2.44e-07
1.6e-07
2.54e-07
2.43e-07
2.37e-07
1.64e-07
2.47e-07
2.67e-07
2.52e-07
2.5e-07
1.64e-07
2.46e-07
8.45e-07
2.96e-07
2.44e-07
1.73e-07
2.52e-07
2.5e-07
2.49e-07
2.16e-07
2.32e-07
2.46e-07
2.48e-07
2.4e-07
2.21e-07
2.44e-07
2.43e-07
2.62e-07
1.59e-07
2.74e-07
2.44e-07
2.4e-07
2.31e-07
1.55e-07
2.37e-07
2.33e-07
2.3e-07
2.37e-07
2.55e-07
2.3e-07
2.33e-07
2.43e-07
1.47e-07
2.43e-07
2.33e-07
2.39e-07
2.43e-07
1.54e-07
3.17e-07
2.44e-07
2.4e-07
1.6e-07
2.35e-07
2.59e-07
4.97e-07
2.36e-07
1.64e-07
2.84e-07
2.37e-07
2.39e-07
1.64e-07
2.48e-07
2.44e-07
2.23e-07
3.15e-07
1.61e-07
2.41e-07
2.85e-07
2.4e-07
1.61e-07
2.37e-07
2.44e-07
