2.44e-07
1.83e-07
1.88e-07
1.71e-07
1.74e-07
1.7e-07
2.22e-07
3.31e-07
2.75e-07
1.62e-07
1.57e-07
1.53e-07
1.44e-07
2.04e-07
1.52e-07
1.43e-07
1.39e-07
1.37e-07
1.41e-07
1.68e-07
1.39e-07
1.81e-07
1.44e-07
1.4e-07
1.23e-07
1.33e-07
1.41e-07
1.27e-07
1.28e-07
1.35e-07
1.35e-07
1.27e-07
1.27e-07
1.21e-07
1.26e-07
1.33e-07
1.24e-07
1.28e-07
1.76e-07
1.27e-07
1.23e-07
1.3e-07
2.91e-07
3.03e-07
8.71e-07
1.45e-07
2.28e-07
2.29e-07
2.27e-07
2.97e-07
1.37e-07
2.22e-07
2.26e-07
2.62e-07
4.41e-07
1.46e-07
2.29e-07
2.27e-07
2.33e-07
1.5e-07
2.44e-07
2.32e-07
2.27e-07
2.14e-07
1.4e-07
2.37e-07
2.25e-07
2.65e-07
1.32e-07
2.26e-07
2.3e-07
2.31e-07
2.25e-07
1.64e-07
2.23e-07
2.36e-07
2.43e-07
2.25e-07
3.6e-07
3.09e-07
2.32e-07
2.33e-07
1.37e-07
2.27e-07
2.63e-07
2.34e-07
5.7e-07
1.41e-07
2.28e-07
2.47e-07
2.44e-07
1.44e-07
2.27e-07
2.21e-07
2.38e-07
2.29e-07
1.39e-07
2.25e-07
2.32e-07
2.32e-07
1.45e-07
2.47e-07
2.26e-07
2.33e-07
2.45e-07
1.33e-07
3.18e-07
4.81e-07
2.69e-07
1.52e-07
2.42e-07
2.74e-07
2.43e-07
2.26e-07
1.34e-07
2.35e-07
2.34e-07
2.66e-07
2.34e-07
1.33e-07
2.4e-07
2.37e-07
2.44e-07
1.54e-07
2.31e-07
2.2e-07
2.36e-07
2.35e-07
1.38e-07
6.53e-07
2.38e-07
2.46e-07
1.51e-07
3.16e-07
2.43e-07
2.41e-07
2.34e-07
1.69e-07
2.54e-07
2.69e-07
2.24e-07
1.53e-07
2.43e-07
2.38e-07
2.44e-07
2.8e-07
1.52e-07
2.29e-07
2.31e-07
2.47e-07
2.48e-07
1.48e-07
2.38e-07
2.56e-07
2.44e-07
1.4e-07
2.78e-07
2.37e-07
2.36e-07
2.44e-07
1.76e-07
2.56e-07
2.54e-07
2.44e-07
1.5e-07
2.49e-07
2.41e-07
2.49e-07
2.44e-07
1.56e-07
2.34e-07
4.65e-07
2.37e-07
1.59e-07
2.47e-07
2.45e-07
2.5e-07
2.45e-07
1.72e-07
2.38e-07
2.46e-07
2.45e-07
2.51e-07
1.57e-07
2.49e-07
2.37e-07
3.25e-07
1.48e-07
2.58e-07
2.57e-07
2.47e-07
2.43e-07
1.53e-07
2.48e-07
2.4e-07
2.58e-07
1.6e-07
2.55e-07
2.59e-07
2.52e-07
2.5e-07
1.57e-07
2.51e-07
2.69e-07
2.43e-07
1.65e-07
2.9e-07
3.67e-07
2.67e-07
2.57e-07
1.54e-07
2.83e-07
2.41e-07
4.8e-07
2.66e-07
1.71e-07
2.7e-07
2.56e-07
2.54e-07
1.63e-07
2.62e-07
2.86e-07
2.46e-07
2.58e-07
1.54e-07
2.59e-07
3.16e-07
3.49e-07
1.69e-07
2.72e-07
2.73e-07
2.88e-07
2.53e-07
1.71e-07
2.49e-07
2.75e-07
2.9e-07
1.71e-07
2.59e-07
2.69e-07
2.72e-07
2.73e-07
1.64e-07
2.59e-07
2.68e-07
2.65e-07
2.66e-07
1.74e-07
2.58e-07
2.63e-07
2.66e-07
1.66e-07
2.82e-07
2.54e-07
2.64e-07
4.91e-07
1.58e-07
2.74e-07
2.75e-07
2.49e-07
1.92e-07
2.74e-07
2.69e-07
2.61e-07
2.61e-07
1.75e-07
2.48e-07
2.78e-07
2.65e-07
1.67e-07
3.06e-07
2.79e-07
2.85e-07
2.81e-07
1.75e-07
2.6e-07
2.76e-07
3.19e-07
2.68e-07
1.8e-07
2.58e-07
2.55e-07
2.78e-07
1.83e-07
2.95e-07
2.67e-07
2.63e-07
3.11e-07
1.68e-07
2.56e-07
2.76e-07
2.72e-07
1.95e-07
2.64e-07
2.6e-07
2.66e-07
2.7e-07
2.11e-07
4.97e-07
2.59e-07
2.79e-07
1.75e-07
2.73e-07
2.75e-07
2.8e-07
2.63e-07
1.97e-07
2.76e-07
2.73e-07
2.71e-07
2.67e-07
1.8e-07
2.78e-07
2.66e-07
2.71e-07
1.79e-07
2.81e-07
2.7e-07
2.65e-07
2.73e-07
1.78e-07
2.66e-07
2.67e-07
2.86e-07
1.75e-07
2.66e-07
2.75e-07
2.61e-07
2.69e-07
1.77e-07
2.6e-07
2.94e-07
5.13e-07
1.88e-07
3.17e-07
2.72e-07
2.89e-07
2.79e-07
1.71e-07
2.87e-07
5.49e-07
2.9e-07
2.88e-07
1.98e-07
2.67e-07
2.68e-07
2.88e-07
1.93e-07
2.63e-07
3.39e-07
2.9e-07
2.77e-07
2.38e-07
2.87e-07
2.69e-07
2.88e-07
1.81e-07
2.96e-07
2.83e-07
2.7e-07
2.77e-07
1.96e-07
2.79e-07
2.73e-07
2.74e-07
1.88e-07
2.72e-07
2.76e-07
2.81e-07
2.87e-07
1.9e-07
2.72e-07
2.74e-07
2.78e-07
2.85e-07
2.64e-07
5.46e-07
3.54e-07
4.64e-07
3.11e-07
4.68e-07
4.38e-07
8.96e-07
5.03e-07
2.77e-07
4.62e-07
4.44e-07
4.64e-07
3.26e-07
4.83e-07
4.67e-07
4.79e-07
4.97e-07
3.72e-07
4.75e-07
4.67e-07
4.67e-07
3.46e-07
4.81e-07
5.16e-07
