0.000383855
0.000387542
0.000400457
0.000329049
0.000191716
0.000202874
0.000189606
0.000202555
0.000297852
0.000194159
0.000180412
0.000239452
0.00013411
0.00010125
0.00012832
0.000100144
9.994e-05
0.000161357
0.000188862
0.000172905
0.000189618
0.000233727
0.000191475
0.000173687
0.000189473
0.000199822
0.000193419
0.000218857
0.000192511
0.000186093
0.000190211
0.000182052
0.000176619
0.000154791
0.000178488
0.000180808
0.000183668
0.0001876
0.000203869
0.000198453
0.000184469
0.000161285
0.000162449
0.000182231
0.000212102
0.000189556
0.000189196
0.000208586
0.000204854
0.00020623
0.000215903
0.000197141
0.000197433
0.000201388
0.000171946
0.000169719
0.000244986
0.000165109
0.000189242
0.000203482
0.000189458
0.000194784
0.000185065
0.000187878
0.000181551
0.000224346
0.000182043
0.000174817
0.000176732
0.000189995
0.000192004
0.000171423
0.000189714
0.000200304
0.000206744
0.000191316
0.00019126
0.000197344
0.000215289
0.000178638
0.000158578
0.000162618
0.000180417
0.000181075
0.000200053
0.000245056
0.000167486
0.000150615
0.000162502
0.000188955
0.000199234
0.00017748
0.000149663
0.000195666
0.000158326
0.000175177
0.000187552
0.000200372
0.000189092
0.000177164
0.000203396
0.000185698
0.000176342
0.000200173
0.000191278
0.000190278
0.000196047
0.000156449
0.000157102
0.000184001
0.000183823
0.000192091
0.000176891
0.00014653
0.000156469
0.000175024
0.000204662
0.000189889
0.000189361
0.000233785
0.000200322
0.000179628
0.000192475
0.000191819
0.000183433
0.000222836
0.000173544
0.000195968
0.000205883
0.000189704
0.000190677
0.000209505
0.000195232
0.00019312
0.000198216
0.000191558
0.00018848
0.000183815
0.000178391
0.000190463
0.000198922
0.000194224
0.000174796
0.00017455
0.000188565
0.00018284
0.000198922
0.000228081
0.0002623
0.000268269
0.00026606
0.000228131
0.000181808
0.000208018
0.000182954
0.000138946
0.000142721
0.000180795
0.00020168
0.000248475
0.000225225
0.000181874
0.000198191
0.000305011
0.000199415
0.000192078
0.000208913
0.00019751
0.000190891
0.000185339
0.000190011
0.000273424
0.000158109
0.00024584
0.000270503
0.000283087
0.000219941
0.000247817
0.000249061
0.000271054
0.000269098
0.00031981
0.000233797
0.000210297
0.000189079
0.000168167
0.000140221
0.000142732
0.000145044
0.000140314
0.000157933
0.000207048
0.000190997
0.000191021
0.000188979
0.000142249
0.000187289
0.000277578
0.000351708
0.000354345
0.000366124
0.000364902
0.00048956
0.00036617
0.000343624
0.000373913
0.0003602
0.000375459
0.000409102
0.000410307
0.00040375
0.000406439
0.000341885
0.000335769
0.000353783
0.000344755
0.000372933
0.000341939
0.00034316
0.000378407
0.000256707
0.000203002
0.000197997
0.000230695
0.0002654
0.000248457
0.000262928
0.00012654
0.000131607
0.000128728
0.000161166
0.000218088
0.000228443
0.000214725
0.000238243
0.000230063
0.000218864
0.000224227
0.000234998
0.0002642
0.000229054
0.000209179
0.00019533
0.000206918
0.000203235
0.000190044
0.000210996
0.00018935
0.000192904
0.000182805
0.000178381
0.000191501
0.000245432
0.000211808
0.000230076
0.000262958
0.000238375
0.000416411
0.000273184
0.000278878
0.000235792
0.000201962
0.000196605
0.000188204
0.000172942
0.000174194
0.000191362
0.000203178
0.000194127
0.000194107
0.000195149
0.000187046
0.000180025
0.000183519
0.000176413
0.000190376
0.000196551
0.000188714
0.00017905
0.000193825
0.000196666
0.000184239
0.000172634
0.000178347
0.000147028
0.000179182
0.000201063
0.000190235
0.000189672
0.000194944
0.000185715
0.000190669
0.00019135
0.000190623
0.000186735
0.000190028
0.000188634
0.000190053
0.000183338
0.000169754
0.000189837
0.000191087
0.000189062
0.000157534
0.000187039
0.000185494
0.000184615
0.000188282
0.000191177
0.000181778
0.000184864
0.000193684
0.000196374
0.000189198
0.000199226
0.000182793
0.000191202
0.00024632
0.000189932
0.000192416
0.000194551
0.000194833
0.000196245
0.000195795
0.00019221
0.000188474
0.000187154
0.000165175
0.000167488
0.000179
0.000194122
0.000191041
0.000207233
0.000195937
0.000191605
0.00019135
0.000207741
0.000190158
0.000189273
0.000206038
0.00017351
0.000187805
0.000207692
0.000190421
0.000194722
0.000197893
0.000197217
0.0001884
0.000197728
0.000191488
0.000191167
0.00017902
0.000176864
0.000189477
0.000207454
0.000186176
0.00019056
0.000264767
0.000174944
0.000175102
0.000198579
0.00019237
0.00020083
0.000209502
0.000188026
0.000182854
0.000177969
0.000182734
0.000183125
0.00019537
0.000134934
0.000144517
0.000169111
0.000211962
0.000191756
0.000190775
0.000191246
0.000185116
0.000186388
0.000176177
0.000192605
0.000191873
0.000197266
0.000190853
0.000194083
0.000202967
0.000194099
0.000176991
0.000141499
0.000158099
0.000189092
0.000190865
0.000208503
0.00019014
0.000188422
0.000173184
0.000183207
0.000182599
0.00014895
0.00019009
