5e-08
3.9e-08
4.3e-08
4.3e-08
4.2e-08
4.5e-08
6.8e-08
6.8e-08
4.6e-08
3.9e-08
4.4e-08
4.1e-08
4.1e-08
5.1e-08
4.1e-08
4.6e-08
4.7e-08
4.3e-08
4.3e-08
4.4e-08
4.1e-08
5e-08
4.3e-08
4.5e-08
4.7e-08
4.4e-08
4.5e-08
4.5e-08
4.6e-08
4.8e-08
4.7e-08
4.7e-08
4.5e-08
4.7e-08
4.9e-08
5.3e-08
4.8e-08
4.6e-08
5e-08
4.3e-08
5.2e-08
5e-08
7.2e-08
5.5e-08
5.5e-08
5.3e-08
5.5e-08
5.3e-08
4.8e-08
5e-08
5.9e-08
5.1e-08
5.2e-08
7.7e-08
6.5e-08
5.6e-08
5.6e-08
5.3e-08
6.2e-08
5.5e-08
7.6e-08
5.6e-08
5.4e-08
5.5e-08
5.5e-08
5.5e-08
6.8e-08
5.6e-08
6.3e-08
5.8e-08
5.7e-08
5.4e-08
6.3e-08
6.4e-08
5.7e-08
5.6e-08
1.24e-07
6.7e-08
6.3e-08
7e-08
6e-08
6.3e-08
6.3e-08
8.2e-08
6.3e-08
6.4e-08
6.4e-08
6e-08
8.3e-08
6.1e-08
6.9e-08
6e-08
6.5e-08
6.2e-08
8.7e-08
6.4e-08
6.3e-08
6.1e-08
6.4e-08
6.3e-08
7.4e-08
6.9e-08
6.5e-08
6.5e-08
6.8e-08
6.6e-08
1.45e-07
7e-08
6.1e-08
6.4e-08
6.8e-08
7.1e-08
6.6e-08
5.8e-08
7.1e-08
6.8e-08
6.8e-08
6.3e-08
6.7e-08
5.8e-08
6.8e-08
7e-08
6.4e-08
7.7e-08
5.8e-08
6.5e-08
6.3e-08
6.7e-08
6.4e-08
7.6e-08
7.3e-08
7.3e-08
6.8e-08
8.8e-08
6.4e-08
6.9e-08
6.7e-08
6.9e-08
7.3e-08
6.6e-08
6.9e-08
6.9e-08
7.5e-08
7e-08
6.9e-08
6.9e-08
7.1e-08
7.9e-08
6.9e-08
7.3e-08
8.7e-08
7.6e-08
7.2e-08
7.4e-08
8.1e-08
8.1e-08
8.6e-08
6.6e-08
6.3e-08
7.2e-08
7.7e-08
7.1e-08
6.9e-08
7.2e-08
7.8e-08
7.7e-08
8.1e-08
7.8e-08
7.5e-08
7.8e-08
7.3e-08
7.5e-08
9.6e-08
8.3e-08
6.8e-08
7.7e-08
6.6e-08
7.8e-08
8.7e-08
7.8e-08
7.2e-08
7.1e-08
7.5e-08
7.7e-08
8.2e-08
8e-08
8.5e-08
8.2e-08
7.3e-08
8.2e-08
7.4e-08
8.2e-08
8.2e-08
8e-08
8.3e-08
6.6e-08
7.9e-08
7e-08
7.5e-08
7.6e-08
7.8e-08
7.4e-08
7.7e-08
7.7e-08
7.4e-08
7.7e-08
7.6e-08
7.4e-08
8.1e-08
7.1e-08
8.1e-08
8.1e-08
7.8e-08
8.4e-08
7.8e-08
9e-08
7.5e-08
7.8e-08
8.3e-08
7.6e-08
7.1e-08
9e-08
8.9e-08
8.7e-08
8.6e-08
7.9e-08
1.13e-07
8.6e-08
8.9e-08
8.1e-08
9e-08
7.8e-08
8.8e-08
8.9e-08
8.7e-08
8.1e-08
8.4e-08
8.1e-08
8e-08
8.9e-08
8.3e-08
1.02e-07
9.1e-08
9.3e-08
8.5e-08
8.5e-08
1e-07
9.3e-08
9.3e-08
9.2e-08
8.6e-08
8.3e-08
8.5e-08
8.3e-08
9.1e-08
9.6e-08
9.5e-08
8.9e-08
9.7e-08
1.3e-07
8.6e-08
1.02e-07
9.1e-08
9e-08
9.1e-08
8.9e-08
9.2e-08
8.7e-08
9.4e-08
9.4e-08
9.1e-08
9.9e-08
9.4e-08
9.3e-08
9.2e-08
8.3e-08
9.5e-08
9.5e-08
9.4e-08
9.3e-08
8.2e-08
9.6e-08
9.6e-08
8.7e-08
8.7e-08
9.4e-08
9.5e-08
9.3e-08
9.8e-08
9.8e-08
9e-08
8.9e-08
9.7e-08
9.2e-08
9.3e-08
9.8e-08
9.4e-08
9.1e-08
1.01e-07
9e-08
9.1e-08
9.3e-08
9.4e-08
1e-07
9.7e-08
8.5e-08
9.2e-08
9e-08
8.5e-08
8.9e-08
9.6e-08
9e-08
9e-08
9.3e-08
9.4e-08
8.6e-08
9.1e-08
9e-08
8.9e-08
9.7e-08
8.9e-08
8.7e-08
8.6e-08
9.7e-08
8e-08
1e-07
9.9e-08
9.1e-08
9.6e-08
9.3e-08
9.8e-08
1.63e-07
9.3e-08
8.4e-08
1e-07
9.7e-08
9.2e-08
1.04e-07
9.7e-08
9.5e-08
9.3e-08
9.6e-08
9e-08
9.5e-08
9.1e-08
9.4e-08
9.7e-08
9.7e-08
9.5e-08
9.7e-08
9.2e-08
9.9e-08
9.8e-08
9.7e-08
9.8e-08
9.8e-08
9.8e-08
9.6e-08
8.9e-08
9.5e-08
9.7e-08
9.2e-08
9.2e-08
1.05e-07
8.8e-08
9.5e-08
9.7e-08
9.7e-08
1e-07
1.02e-07
9.5e-08
9.6e-08
9.7e-08
9.7e-08
9.6e-08
1.71e-07
1.75e-07
1.1e-07
1.81e-07
1.47e-07
1.51e-07
1.28e-07
1.54e-07
1.3e-07
1.28e-07
1.41e-07
1.46e-07
1.46e-07
1.4e-07
1.42e-07
1.47e-07
1.46e-07
1.44e-07
1.49e-07
1.42e-07
1.48e-07
1.47e-07
1.39e-07
1.44e-07
1.46e-07
