4.16e-07
2.4e-07
2.13e-07
1.99e-07
1.88e-07
1.86e-07
1.77e-07
1.71e-07
2.96e-07
3.14e-07
3.06e-07
3.1e-07
3.04e-07
3.12e-07
2.97e-07
2.93e-07
2.8e-07
2.68e-07
2.78e-07
2.88e-07
2.93e-07
2.96e-07
3.29e-07
3.11e-07
3.47e-07
2.92e-07
2.88e-07
2.9e-07
2.2e-07
2.05e-07
2.6e-07
1.96e-07
2.48e-07
1.89e-07
1.82e-07
1.89e-07
1.78e-07
1.77e-07
1.88e-07
1.82e-07
1.89e-07
1.74e-07
4.92e-07
3.64e-07
1.183e-06
2.28e-07
3.59e-07
3.48e-07
3.52e-07
4.66e-07
1.99e-07
3.75e-07
3.48e-07
3.53e-07
3.49e-07
1.83e-07
3.53e-07
3.64e-07
3.39e-07
1.85e-07
3.41e-07
3.57e-07
3.48e-07
3.5e-07
1.9e-07
3.58e-07
3.43e-07
3.39e-07
1.86e-07
3.62e-07
3.54e-07
3.49e-07
3.52e-07
1.9e-07
3.49e-07
3.4e-07
3.43e-07
1.88e-07
3.42e-07
3.45e-07
3.44e-07
3.36e-07
1.87e-07
3.41e-07
3.39e-07
3.4e-07
7.98e-07
2.14e-07
3.67e-07
3.56e-07
3.56e-07
2e-07
3.5e-07
3.54e-07
3.42e-07
4.02e-07
1.94e-07
3.43e-07
3.38e-07
3.43e-07
1.91e-07
3.46e-07
3.33e-07
3.47e-07
3.43e-07
3.1e-07
5.31e-07
3.65e-07
3.47e-07
1.97e-07
3.6e-07
3.48e-07
3.55e-07
3.47e-07
2.05e-07
3.44e-07
3.37e-07
3.37e-07
3.45e-07
1.89e-07
3.44e-07
3.48e-07
3.52e-07
4.38e-07
4.88e-07
6.76e-07
5.08e-07
5.26e-07
3.05e-07
1.128e-06
5.39e-07
5.4e-07
3.19e-07
5.69e-07
5.79e-07
6.41e-07
5.54e-07
3.19e-07
5.38e-07
5.18e-07
5.23e-07
3.06e-07
5.8e-07
5.26e-07
5.33e-07
5.35e-07
3e-07
5.03e-07
2.673e-06
6.25e-07
5.55e-07
3.15e-07
1.056e-06
1.001e-06
2.11e-06
2.65e-07
4.87e-07
3.87e-07
3.64e-07
3.49e-07
2.27e-07
3.58e-07
3.68e-07
3.45e-07
2.01e-07
3.58e-07
3.65e-07
3.68e-07
3.59e-07
2.09e-07
3.7e-07
1.091e-06
3.74e-07
4.52e-07
8.69e-07
7.13e-07
6.43e-07
6.53e-07
3.91e-07
7.85e-07
6.64e-07
7.24e-07
6.31e-07
3.99e-07
4.92e-07
4.05e-07
6.07e-07
3.45e-07
6.02e-07
5.87e-07
6.26e-07
6.37e-07
4.21e-07
6.17e-07
5.67e-07
5.98e-07
3.88e-07
6.59e-07
5.95e-07
6.12e-07
6.22e-07
3.83e-07
6.39e-07
5.8e-07
6.82e-07
4.01e-07
6.56e-07
6.22e-07
6.26e-07
6.04e-07
4.05e-07
6.15e-07
7.76e-07
1.434e-06
6.33e-07
3.78e-07
6.48e-07
6.52e-07
6.46e-07
3.99e-07
6.71e-07
6.47e-07
6.97e-07
6.18e-07
4.18e-07
9.2e-07
7.33e-07
6.88e-07
4.67e-07
6.76e-07
7.27e-07
4.394e-06
9.31e-07
7.3e-07
9.53e-07
8.7e-07
8.52e-07
5.39e-07
7.83e-07
8.06e-07
7.98e-07
8.29e-07
5.39e-07
7.71e-07
7.36e-07
8.06e-07
7.94e-07
5.47e-07
1.477e-06
9.06e-07
6.51e-07
4.27e-07
6.21e-07
6.45e-07
5.98e-07
1.536e-06
4.15e-07
9.89e-07
7.28e-07
5.15e-07
2.95e-07
4.64e-07
4.62e-07
4.57e-07
4.57e-07
2.97e-07
4.57e-07
4.47e-07
4.64e-07
2.89e-07
7.73e-07
5.25e-07
4.7e-07
4.72e-07
2.97e-07
4.49e-07
4.36e-07
4.28e-07
4.19e-07
2.81e-07
4.5e-07
4.54e-07
4.5e-07
4.49e-07
4.63e-07
4.31e-07
4.31e-07
4.53e-07
2.71e-07
4.12e-07
4.29e-07
4.28e-07
2.8e-07
5.5e-07
5.73e-07
4.47e-07
4.73e-07
3.48e-07
1.146e-06
4.71e-07
4.7e-07
2.92e-07
4.49e-07
4.31e-07
5.16e-07
7.26e-07
3.24e-07
4.5e-07
4.68e-07
4.88e-07
6.22e-07
2.87e-07
1.257e-06
4.69e-07
4.45e-07
3.07e-07
4.62e-07
4.66e-07
4.39e-07
4.49e-07
3.24e-07
4.66e-07
7.16e-07
8.07e-07
3.11e-07
4.71e-07
4.38e-07
4.43e-07
4.53e-07
3e-07
4.56e-07
7.99e-07
6.51e-07
4.1e-07
7.06e-07
6.84e-07
6.28e-07
6.95e-07
4.01e-07
6.02e-07
1.287e-06
6.11e-07
6.06e-07
4.2e-07
6.7e-07
7.6e-07
7.33e-07
5.72e-07
9.12e-07
9.68e-07
8.55e-07
9.84e-07
7.33e-07
9.32e-07
8.28e-07
7.25e-07
5.78e-07
7.32e-07
7.04e-07
8.65e-07
7.54e-07
6.49e-07
1.054e-06
1.23e-06
1.106e-06
4.53e-07
6.8e-07
9.65e-07
9.51e-07
6.73e-07
4.78e-07
6.63e-07
6.42e-07
5.07e-07
4.99e-07
3.44e-07
5.27e-07
7.11e-07
6.14e-07
3.2e-07
5.19e-07
4.69e-07
1.31e-06
4.95e-07
3.48e-07
4.81e-07
4.89e-07
4.88e-07
4.46e-07
4.69e-07
4.76e-07
4.88e-07
4.53e-07
3.5e-07
4.75e-07
4.65e-07
4.66e-07
3.31e-07
4.74e-07
4.8e-07
