5.26e-07
3.75e-07
4.37e-07
3.34e-07
2.98e-07
3.57e-07
3.03e-07
3.29e-07
3.04e-07
2.93e-07
2.98e-07
2.85e-07
2.9e-07
2.72e-07
2.94e-07
3.11e-07
2.9e-07
2.77e-07
3.05e-07
3.03e-07
3.34e-07
3.15e-07
7.58e-07
3.87e-07
3.75e-07
3.71e-07
3.98e-07
3.41e-07
2.42e-07
2.65e-07
2.07e-07
2.04e-07
2.02e-07
1.91e-07
1.9e-07
1.99e-07
3.72e-07
3.07e-07
3.88e-07
2.2e-07
2.17e-07
1.96e-07
5.45e-07
3.76e-07
1.279e-06
2.31e-07
3.68e-07
3.58e-07
3.51e-07
3.61e-07
1.87e-07
3.7e-07
3.72e-07
3.46e-07
4.12e-07
3.7e-07
4.91e-07
3.95e-07
3.48e-07
2.02e-07
1.527e-06
9.57e-07
8.11e-07
7.17e-07
4.39e-07
7.78e-07
7.16e-07
6.43e-07
4.52e-07
6.37e-07
6.76e-07
4.02e-07
3.91e-07
2.21e-07
3.63e-07
3.5e-07
3.62e-07
2.03e-07
4.45e-07
4.39e-07
3.7e-07
3.68e-07
2.34e-07
3.82e-07
3.54e-07
5.14e-07
1.589e-06
2.44e-07
3.78e-07
4.28e-07
6.45e-07
3.77e-07
7.39e-07
6.01e-07
5.58e-07
5.69e-07
3.43e-07
5.98e-07
5.53e-07
5.43e-07
3.3e-07
5.49e-07
5.98e-07
5.88e-07
6.76e-07
3.81e-07
5.46e-07
5.66e-07
5.41e-07
3.16e-07
1.032e-06
6.68e-07
5.79e-07
5.85e-07
3.12e-07
5.61e-07
5.1e-07
5.25e-07
1.269e-06
4.39e-07
7.67e-07
6.83e-07
6.44e-07
3.6e-07
5.74e-07
5.7e-07
5.76e-07
5.77e-07
3.37e-07
1.258e-06
3.83e-07
3.7e-07
2.76e-07
3.61e-07
3.7e-07
3.71e-07
3.71e-07
1.96e-07
3.64e-07
3.78e-07
3.64e-07
1.93e-07
3.75e-07
3.6e-07
3.48e-07
3.53e-07
1.99e-07
3.52e-07
3.57e-07
3.56e-07
6.03e-07
4.18e-07
5.48e-07
4.05e-07
3.95e-07
2.19e-07
3.73e-07
3.45e-07
3.46e-07
3.47e-07
2.06e-07
3.52e-07
3.69e-07
3.44e-07
1.88e-07
5.3e-07
3.96e-07
3.72e-07
3.6e-07
1.94e-07
3.52e-07
9.97e-07
3.74e-07
2.23e-07
3.72e-07
3.68e-07
3.76e-07
1.339e-06
2.33e-07
4.05e-07
4.17e-07
3.78e-07
4.28e-07
2.29e-07
3.86e-07
3.8e-07
3.8e-07
2.17e-07
3.79e-07
3.67e-07
3.87e-07
3.91e-07
2.55e-07
3.94e-07
3.83e-07
3.98e-07
3.58e-07
5.53e-07
4.04e-07
4.19e-07
4.3e-07
3.56e-07
5.34e-07
3.97e-07
4.24e-07
2.68e-07
4.23e-07
4.16e-07
4.13e-07
4.15e-07
3.86e-07
5.76e-07
4.45e-07
9.35e-07
4.43e-07
2.67e-07
4.33e-07
4.47e-07
4.19e-07
2.71e-07
4.48e-07
4.29e-07
4.08e-07
4.04e-07
3.82e-07
5.64e-07
4.39e-07
4.41e-07
2.7e-07
4.28e-07
4.29e-07
4.25e-07
4.25e-07
2.6e-07
4.41e-07
4.39e-07
4.39e-07
2.63e-07
5.46e-07
4.62e-07
4.43e-07
4.68e-07
2.7e-07
4.75e-07
4.14e-07
4.38e-07
4.3e-07
2.73e-07
4.31e-07
4.32e-07
4.25e-07
2.69e-07
4.41e-07
8.79e-07
4.79e-07
9.03e-07
2.8e-07
4.59e-07
4.3e-07
4.21e-07
2.53e-07
4.21e-07
4.34e-07
4.51e-07
4.27e-07
2.88e-07
6.2e-07
4.68e-07
7.11e-07
2.74e-07
4.81e-07
4.44e-07
4.42e-07
4.6e-07
2.81e-07
4.44e-07
4.47e-07
6.1e-07
5.55e-07
2.81e-07
1e-06
5.93e-07
4.6e-07
2.81e-07
4.73e-07
4.34e-07
4.32e-07
4.69e-07
2.62e-07
4.17e-07
4.25e-07
7.74e-07
2.88e-07
4.63e-07
4.54e-07
8.01e-07
8.08e-07
4.55e-07
1.43e-06
8.02e-07
6.11e-07
3.5e-07
1.234e-06
1.059e-06
6.87e-07
6.6e-07
4.4e-07
6.42e-07
6.57e-07
5.91e-07
6.28e-07
3.81e-07
9.68e-07
8.49e-07
6.15e-07
4.12e-07
6.23e-07
6.34e-07
6.51e-07
5.89e-07
4.37e-07
6.05e-07
6.74e-07
6.03e-07
4.34e-07
6.18e-07
5.81e-07
6.02e-07
6.4e-07
3.84e-07
5.93e-07
5.96e-07
6.07e-07
4.63e-07
6.1e-07
8.92e-07
6.17e-07
6.79e-07
3.99e-07
6.1e-07
1.589e-06
7.3e-07
7.71e-07
4.33e-07
5.99e-07
7.02e-07
6.17e-07
3.95e-07
8.33e-07
6.06e-07
6.26e-07
7.01e-07
4.25e-07
6.48e-07
6.18e-07
6.04e-07
4.7e-07
6.35e-07
6.44e-07
6.37e-07
6.13e-07
4.14e-07
7e-07
7.01e-07
6.26e-07
4.19e-07
6.37e-07
6.74e-07
6.45e-07
6.25e-07
4.42e-07
7.25e-07
6.56e-07
6.18e-07
6.39e-07
3.94e-07
6.34e-07
6.44e-07
6.28e-07
4.11e-07
6.61e-07
7.08e-07
1.494e-06
7.17e-07
4.4e-07
6.81e-07
6.84e-07
6.73e-07
4.22e-07
6.46e-07
7.69e-07
6.58e-07
7.54e-07
4.48e-07
6.61e-07
6.61e-07
6.47e-07
4.75e-07
6.71e-07
6.52e-07
