7.6e-08
6.7e-08
6.6e-08
6.7e-08
6.6e-08
6.7e-08
6.6e-08
1.78e-07
1.08e-07
9.5e-08
1.04e-07
1.8e-07
1.06e-07
1.04e-07
1.1e-07
9.7e-08
1.2e-07
1.03e-07
1.01e-07
1.07e-07
1.06e-07
1.13e-07
1.13e-07
1.03e-07
1.13e-07
1.05e-07
1.06e-07
1.28e-07
8e-08
1.2e-07
7.8e-08
7.7e-08
7.4e-08
7.8e-08
7.3e-08
8.2e-08
7.7e-08
8.1e-08
7.4e-08
7.9e-08
7.5e-08
7.8e-08
7.7e-08
8.4e-08
8.1e-08
7.6e-08
8.4e-08
7.9e-08
8.6e-08
7.5e-08
8.5e-08
8.5e-08
9e-08
8.3e-08
8.5e-08
8.3e-08
9.4e-08
8.4e-08
8.3e-08
7.7e-08
9.6e-08
8.6e-08
8.5e-08
8.3e-08
8.5e-08
8e-08
8.7e-08
8.1e-08
2.24e-07
9.1e-08
9.4e-08
8.6e-08
8.4e-08
9e-08
8.9e-08
8.6e-08
1.01e-07
8.8e-08
9e-08
8.5e-08
8.4e-08
8.6e-08
8.4e-08
8.4e-08
9.5e-08
9.1e-08
1e-07
1.07e-07
8.9e-08
9.2e-08
9.3e-08
9.9e-08
8.6e-08
8.8e-08
9.4e-08
9.3e-08
9.1e-08
9e-08
9.3e-08
1e-07
8.9e-08
9.1e-08
9e-08
1e-07
8.5e-08
3.28e-07
1.02e-07
9.8e-08
8.9e-08
8.8e-08
1.02e-07
9e-08
9.8e-08
9.2e-08
9.5e-08
9.2e-08
9.4e-08
9.5e-08
8.9e-08
9.4e-08
9.7e-08
9.1e-08
1.17e-07
2.12e-07
9.3e-08
1.44e-07
1.42e-07
1.38e-07
1.3e-07
1.33e-07
1.44e-07
1.42e-07
1.46e-07
1.45e-07
1.66e-07
1.6e-07
1.46e-07
1.46e-07
1.39e-07
1.52e-07
1.57e-07
1.49e-07
1.46e-07
1.49e-07
1.44e-07
1.47e-07
1.46e-07
1.38e-07
1.56e-07
1.52e-07
1.51e-07
1.43e-07
2.17e-07
2.15e-07
1.36e-07
1.22e-07
1.14e-07
1.11e-07
1.23e-07
1.09e-07
1.25e-07
1.14e-07
1.18e-07
1.26e-07
1.1e-07
1.07e-07
1.19e-07
1.17e-07
1.23e-07
1.15e-07
1.13e-07
1.15e-07
1.09e-07
2.99e-07
2.74e-07
1.97e-07
1.76e-07
1.96e-07
1.91e-07
1.86e-07
2.06e-07
1.91e-07
1.96e-07
1.37e-07
1.26e-07
2.54e-07
1.8e-07
1.78e-07
1.65e-07
1.75e-07
1.73e-07
1.96e-07
1.81e-07
1.77e-07
1.78e-07
1.71e-07
1.74e-07
1.78e-07
1.84e-07
1.92e-07
1.91e-07
2.53e-07
1.97e-07
1.75e-07
2.04e-07
1.98e-07
1.94e-07
1.94e-07
1.96e-07
2.04e-07
1.82e-07
1.9e-07
1.96e-07
2.07e-07
1.91e-07
1.9e-07
1.87e-07
1.88e-07
2.02e-07
2.02e-07
2.03e-07
2.02e-07
1.89e-07
1.91e-07
2.76e-07
2.17e-07
2.16e-07
2.08e-07
2.07e-07
2.03e-07
2.4e-07
3.89e-07
3.2e-07
2.63e-07
2.7e-07
2.65e-07
2.5e-07
2.74e-07
2.65e-07
2.35e-07
2.42e-07
2.67e-07
2.51e-07
2.53e-07
2.61e-07
2.5e-07
2.34e-07
2.49e-07
2.38e-07
2.08e-07
1.93e-07
2.14e-07
2.02e-07
2.12e-07
1.93e-07
2.1e-07
2.03e-07
6.85e-07
1.69e-07
1.75e-07
1.71e-07
1.56e-07
1.57e-07
1.64e-07
1.67e-07
1.58e-07
1.62e-07
1.56e-07
1.5e-07
2.62e-07
1.57e-07
1.65e-07
1.64e-07
1.55e-07
1.61e-07
1.69e-07
1.63e-07
1.77e-07
1.53e-07
1.49e-07
1.66e-07
1.51e-07
1.67e-07
1.55e-07
1.59e-07
1.59e-07
1.6e-07
1.59e-07
1.63e-07
1.5e-07
1.6e-07
1.6e-07
1.66e-07
2.18e-07
1.49e-07
1.79e-07
1.71e-07
1.63e-07
1.69e-07
1.72e-07
1.58e-07
1.69e-07
1.66e-07
1.59e-07
2.03e-07
1.65e-07
1.64e-07
1.67e-07
1.68e-07
2.07e-07
1.67e-07
1.67e-07
1.57e-07
1.7e-07
1.7e-07
1.63e-07
1.61e-07
1.5e-07
1.66e-07
1.66e-07
1.64e-07
1.63e-07
2.09e-07
1.72e-07
1.6e-07
1.54e-07
1.6e-07
1.75e-07
1.63e-07
1.64e-07
1.77e-07
2.12e-07
2.24e-07
2.18e-07
2.1e-07
2.25e-07
2.34e-07
2.13e-07
1.98e-07
2.09e-07
2.06e-07
1.94e-07
2.03e-07
2.19e-07
2.24e-07
2.42e-07
2.65e-07
2.91e-07
3.82e-07
3.8e-07
3.88e-07
4.42e-07
5.66e-07
2.75e-07
2.9e-07
3.1e-07
3.02e-07
2.82e-07
2.68e-07
2.82e-07
2.95e-07
3.52e-07
4.09e-07
4.25e-07
2.65e-07
2.45e-07
3.36e-07
3.91e-07
2.47e-07
2.31e-07
2.31e-07
2.35e-07
1.97e-07
2.05e-07
2.24e-07
2.1e-07
2.06e-07
4.12e-07
1.91e-07
1.9e-07
1.81e-07
1.91e-07
1.98e-07
1.91e-07
1.98e-07
1.75e-07
1.95e-07
1.99e-07
1.75e-07
1.71e-07
1.77e-07
1.86e-07
1.81e-07
1.85e-07
1.78e-07
1.79e-07
1.65e-07
1.82e-07
1.79e-07
1.7e-07
