8.3e-08
1.59e-07
8.8e-08
4.4e-08
5.1e-08
4.8e-08
4.9e-08
5.1e-08
5.3e-08
5.1e-08
5.1e-08
4.9e-08
2.2e-08
2.3e-08
2.9e-08
2.1e-08
2.7e-08
5.4e-08
5.3e-08
5.4e-08
5.3e-08
5.4e-08
3.6e-08
5.5e-08
5.2e-08
5.5e-08
5.3e-08
5.4e-08
5.3e-08
5.3e-08
5.3e-08
3.4e-08
5e-08
4.9e-08
5.4e-08
9.5e-08
9.1e-08
6.8e-08
7e-08
4.2e-08
5.5e-08
3.6e-08
4.8e-08
5.5e-08
5.6e-08
5.3e-08
5.2e-08
5.8e-08
9.3e-08
5.6e-08
5.6e-08
8.8e-08
1.33e-07
5.6e-08
4.2e-08
5.2e-08
4.3e-08
1.28e-07
5.3e-08
5.6e-08
5.7e-08
6.9e-08
5.7e-08
7.5e-08
5.6e-08
5.6e-08
5.4e-08
5.6e-08
4.4e-08
5.3e-08
5.7e-08
3.5e-08
7.9e-08
5.4e-08
5.7e-08
5.7e-08
5.6e-08
5.6e-08
5.6e-08
3.6e-08
4.3e-08
3.9e-08
5.4e-08
5.2e-08
5.7e-08
5.7e-08
4.3e-08
4.7e-08
5.7e-08
5.5e-08
4.4e-08
3.5e-08
4.3e-08
6.4e-08
4.1e-08
5.6e-08
5.5e-08
7.9e-08
5.8e-08
5.5e-08
5.6e-08
5.6e-08
5.7e-08
5.6e-08
5.5e-08
5.5e-08
3.5e-08
5.6e-08
4.1e-08
5.1e-08
7.7e-08
5.5e-08
4.1e-08
3.6e-08
3.9e-08
5.6e-08
9.3e-08
5.7e-08
5.4e-08
7.1e-08
5.5e-08
5.6e-08
5.4e-08
5.2e-08
5.2e-08
6.2e-08
5.5e-08
5.9e-08
5.5e-08
7.8e-08
5.6e-08
5.7e-08
5.5e-08
5.5e-08
8.9e-08
6.9e-08
5.4e-08
5.6e-08
4.4e-08
4.3e-08
1.12e-07
4.5e-08
5.5e-08
3.6e-08
5.5e-08
5.5e-08
6.4e-08
9.5e-08
9.1e-08
1.39e-07
7.6e-08
1.1e-07
1e-07
7.5e-08
8e-08
3.5e-08
5e-08
5.5e-08
1e-07
5.8e-08
6e-08
5.4e-08
1e-07
5.9e-08
6.2e-08
5.5e-08
5.7e-08
5.5e-08
5.6e-08
4.3e-08
6.7e-08
5.7e-08
4.4e-08
5.6e-08
6.6e-08
6.7e-08
5.8e-08
6.2e-08
1.12e-07
5.9e-08
5.6e-08
9.3e-08
7.7e-08
5.9e-08
6.1e-08
6.4e-08
3.5e-08
3.5e-08
5.8e-08
5.6e-08
5.7e-08
5.6e-08
5.6e-08
5.6e-08
3.7e-08
3.8e-08
5.5e-08
9.8e-08
2.4e-07
9.1e-08
9.7e-08
9.7e-08
1.07e-07
9.6e-08
1.06e-07
1.16e-07
1.72e-07
1.88e-07
1e-07
1.68e-07
9.7e-08
9.5e-08
1.03e-07
9.6e-08
1.06e-07
1e-07
1.03e-07
9.7e-08
9.3e-08
9.4e-08
6.6e-08
5.8e-08
5.8e-08
7e-08
7.2e-08
7.3e-08
3.4e-08
3.4e-08
3.4e-08
3.4e-08
5.7e-08
5.8e-08
1.02e-07
5.6e-08
1.1e-07
9.9e-08
5.7e-08
5.6e-08
5.7e-08
5.8e-08
6e-08
5.8e-08
5.6e-08
5.9e-08
6e-08
5.6e-08
6.1e-08
5.6e-08
7.3e-08
4.8e-08
6.2e-08
5.6e-08
1.05e-07
6.2e-08
7.3e-08
1.93e-07
7e-08
7.2e-08
7.2e-08
7e-08
5.9e-08
5.5e-08
5.5e-08
3.6e-08
6.5e-08
5.6e-08
5.6e-08
5.6e-08
5.8e-08
5.6e-08
5.7e-08
5.8e-08
3.7e-08
5.5e-08
5.6e-08
5.7e-08
5.5e-08
5.4e-08
5.5e-08
5.5e-08
5.5e-08
5.6e-08
5.5e-08
5.8e-08
4.4e-08
5.7e-08
5.6e-08
5.7e-08
7.8e-08
5.9e-08
5.7e-08
5.5e-08
5.7e-08
4.5e-08
1.1e-07
5.3e-08
5.7e-08
5.5e-08
4.3e-08
5.7e-08
5.6e-08
5.7e-08
5.6e-08
5.7e-08
5.5e-08
3.6e-08
5.6e-08
5.7e-08
3.83e-07
5.7e-08
5.6e-08
5.7e-08
5.6e-08
5.7e-08
5.8e-08
5.7e-08
5.6e-08
6.8e-08
5.9e-08
5.7e-08
3.43e-07
5.6e-08
5.8e-08
5.3e-08
6.1e-08
5.9e-08
3.8e-08
4.2e-08
4.8e-08
5.1e-08
5.7e-08
5.6e-08
9.7e-08
5.7e-08
5.7e-08
5.6e-08
9.2e-08
5.6e-08
5.8e-08
5.6e-08
5.3e-08
5.9e-08
5.6e-08
5.7e-08
5.5e-08
5.5e-08
5.8e-08
5.6e-08
5.6e-08
5.6e-08
5.6e-08
3.8e-08
5.5e-08
5.6e-08
5.8e-08
5.6e-08
5.5e-08
3.7e-08
5.3e-08
4.9e-08
5.8e-08
5.6e-08
5.6e-08
5.8e-08
5.7e-08
5.6e-08
3.6e-08
5.7e-08
5.6e-08
4.5e-08
3.6e-08
4.2e-08
5.8e-08
5.8e-08
5.6e-08
5.7e-08
4.4e-08
5.8e-08
5.7e-08
4.2e-08
5.8e-08
5.6e-08
5.7e-08
5.9e-08
5.6e-08
5.8e-08
5.6e-08
3.7e-08
5.6e-08
5.5e-08
5.7e-08
5.6e-08
5.5e-08
5.6e-08
5.7e-08
3.6e-08
5.3e-08
4.5e-08
3.4e-08
5.6e-08
