6.8e-08
4.7e-08
4.7e-08
5.1e-08
5e-08
5.1e-08
4.9e-08
5.4e-08
4.7e-08
5.3e-08
3.4e-08
5.2e-08
5.2e-08
5.6e-08
5.2e-08
5.3e-08
4e-08
3.7e-08
8.4e-08
8.6e-08
5.3e-08
5.3e-08
5.4e-08
5.2e-08
5.4e-08
5.2e-08
5.7e-08
5.5e-08
5.3e-08
5.4e-08
5.7e-08
5.5e-08
5.6e-08
5.6e-08
5.4e-08
5.5e-08
5.3e-08
5.4e-08
5.5e-08
7e-08
6.4e-08
5.6e-08
3.5e-08
5.4e-08
9.9e-08
5.4e-08
5.5e-08
5.4e-08
5.5e-08
5.6e-08
5e-08
4.1e-08
5.2e-08
8.6e-08
4.6e-08
5.4e-08
5.5e-08
5.5e-08
5.4e-08
5.4e-08
7.7e-08
5.4e-08
5.2e-08
5.9e-08
5.4e-08
5.4e-08
3.7e-08
5.4e-08
1.56e-07
5.5e-08
5.4e-08
9e-08
5.5e-08
5.5e-08
5.6e-08
5.6e-08
5.6e-08
5.5e-08
4.2e-08
5.8e-08
5.9e-08
5.6e-08
9.8e-08
5.7e-08
3.6e-08
9.4e-08
5.6e-08
5.6e-08
5.6e-08
5.4e-08
5.4e-08
6.1e-08
5.8e-08
5.6e-08
5.1e-08
4.4e-08
5.7e-08
5.6e-08
5.7e-08
3.6e-08
4e-08
5.5e-08
5.5e-08
5.7e-08
5.7e-08
5.4e-08
6.7e-08
5.6e-08
5.6e-08
5.7e-08
5.6e-08
5.4e-08
4e-08
6.9e-08
4.7e-08
1.77e-07
5.7e-08
9.9e-08
5.7e-08
5.7e-08
9.9e-08
4.5e-08
5e-08
9e-08
5.8e-08
5.6e-08
5.8e-08
5.7e-08
4.5e-08
8e-08
5.7e-08
3.4e-08
3.9e-08
4e-08
4e-08
4.6e-08
5.6e-08
5.6e-08
5.5e-08
5.6e-08
4.6e-08
5.4e-08
9.7e-08
6.1e-08
5.7e-08
5.5e-08
5.3e-08
5.5e-08
5.6e-08
5.6e-08
5.6e-08
5.5e-08
5.6e-08
5.4e-08
5.6e-08
7.3e-08
5.6e-08
5.6e-08
5.5e-08
5.5e-08
5.6e-08
4.3e-08
6e-08
5.6e-08
5.7e-08
5.9e-08
5.5e-08
5.5e-08
5.6e-08
6.4e-08
5.8e-08
4.5e-08
5.9e-08
5.8e-08
5.9e-08
5.6e-08
5.6e-08
6e-08
5.5e-08
5.6e-08
5.5e-08
5.6e-08
6.3e-08
5.7e-08
5.8e-08
4.5e-08
5.5e-08
5.6e-08
6.3e-08
5.7e-08
5.4e-08
3.6e-08
4.4e-08
5.6e-08
6e-08
6.1e-08
5.7e-08
5.6e-08
5.8e-08
5.6e-08
6.1e-08
5.5e-08
5e-08
5.8e-08
6.1e-08
5.5e-08
5.8e-08
5.5e-08
5.5e-08
6e-08
5.5e-08
5.7e-08
9.8e-08
5.6e-08
5.9e-08
5.6e-08
5.5e-08
5.6e-08
5.6e-08
5.7e-08
5.8e-08
7.4e-08
7.8e-08
7.2e-08
5.6e-08
5.6e-08
3.5e-08
9.4e-08
4.7e-08
5.8e-08
3.6e-08
5.7e-08
6e-08
1.14e-07
5.6e-08
5.6e-08
6e-08
5.9e-08
5.6e-08
5.6e-08
4.5e-08
4.5e-08
4.4e-08
9.3e-08
5.9e-08
5.8e-08
5.7e-08
5.7e-08
5.7e-08
5.7e-08
5.6e-08
4.3e-08
5.9e-08
5.6e-08
4.5e-08
5.6e-08
5.9e-08
5.8e-08
6e-08
5.5e-08
5.5e-08
5.5e-08
5.7e-08
5.7e-08
6e-08
1.34e-07
5.2e-08
3.6e-08
3.5e-08
5.6e-08
5.5e-08
5.8e-08
5.8e-08
1.02e-07
5.2e-08
5.7e-08
5.7e-08
5.1e-08
5e-08
6.4e-08
9.1e-08
5.7e-08
5.7e-08
8.6e-08
3.5e-08
6e-08
3.8e-08
5.3e-08
5.7e-08
5.6e-08
5.7e-08
5.8e-08
5.5e-08
5.6e-08
5.8e-08
6.6e-08
5.7e-08
5.6e-08
4.1e-08
5.7e-08
5.8e-08
2.68e-07
5.8e-08
5.5e-08
3.4e-07
5.7e-08
4.5e-08
5.4e-08
5.6e-08
5.8e-08
5.2e-08
5.9e-08
4.4e-08
6.3e-08
6.2e-08
3.5e-08
7.7e-08
6.7e-08
5.6e-08
6.1e-08
5.8e-08
5.9e-08
5.7e-08
5.7e-08
5.7e-08
5.7e-08
5.6e-08
5.6e-08
7.2e-08
7.2e-08
7.1e-08
5.6e-08
6.2e-08
5.5e-08
5.7e-08
7.2e-08
6.5e-08
5.6e-08
4.6e-08
5.7e-08
5.8e-08
5.8e-08
5.8e-08
5.2e-08
5.7e-08
5.6e-08
5.3e-08
5.9e-08
5.5e-08
5.5e-08
5.7e-08
5.6e-08
3.7e-08
5.4e-08
5.7e-08
5.6e-08
5.8e-08
5.6e-08
5.7e-08
5.6e-08
5.3e-08
4.9e-08
3.5e-08
3.4e-08
5.6e-08
5.5e-08
8.7e-08
5.8e-08
5.5e-08
5.6e-08
5.5e-08
1.35e-07
5.5e-08
9.4e-08
3.5e-08
3.6e-08
5.6e-08
5.6e-08
5.6e-08
5.8e-08
4.6e-08
5.5e-08
5.8e-08
5.6e-08
4.2e-08
5.7e-08
5.6e-08
5.5e-08
5.9e-08
3.5e-08
4.6e-08
5.5e-08
5.5e-08
5.4e-08
5.1e-08
3.6e-08
5.6e-08
1.15e-07
4.4e-08
5.6e-08
