6.89e-07
1.399e-06
2.036e-06
2.657e-06
3.292e-06
4.042e-06
4.68e-06
5.639e-06
6.024e-06
6.929e-06
7.434e-06
8.252e-06
1.1769e-05
1.1995e-05
1.2854e-05
1.3769e-05
1.5383e-05
1.5769e-05
1.5989e-05
1.6778e-05
1.937e-05
2.2023e-05
2.2648e-05
2.1312e-05
2.1049e-05
2.4955e-05
2.6e-05
2.5741e-05
2.5728e-05
2.9347e-05
2.6335e-05
2.7475e-05
2.8278e-05
2.9732e-05
3.0223e-05
3.1194e-05
3.269e-05
3.2419e-05
3.3602e-05
3.3968e-05
3.5802e-05
3.8533e-05
4.5012e-05
3.7586e-05
4.3442e-05
4.6114e-05
4.0257e-05
4.0796e-05
4.5514e-05
4.4148e-05
3.3914e-05
3.5712e-05
3.7703e-05
3.1559e-05
3.5173e-05
3.7621e-05
3.9863e-05
3.4563e-05
3.441e-05
4.1609e-05
4.0332e-05
4.2022e-05
4.1915e-05
4.0491e-05
4.2042e-05
4.3724e-05
4.4837e-05
4.5631e-05
4.7169e-05
4.8238e-05
4.6435e-05
5.5489e-05
4.9514e-05
4.9785e-05
5.0891e-05
5.2765e-05
5.1377e-05
5.3616e-05
5.3719e-05
5.349e-05
5.4598e-05
5.4496e-05
5.7249e-05
6.0258e-05
5.156e-05
5.3687e-05
5.99e-05
5.9235e-05
6.1703e-05
6.3026e-05
6.4002e-05
6.4572e-05
7.3494e-05
6.7094e-05
6.7894e-05
8.9969e-05
7.3469e-05
6.8476e-05
6.9607e-05
7.2093e-05
8.7439e-05
7.0712e-05
7.2176e-05
7.2537e-05
7.4943e-05
7.3303e-05
7.2498e-05
7.4876e-05
0.000135545
8.8078e-05
7.9618e-05
7.9192e-05
7.857e-05
8.6491e-05
8.9049e-05
8.1388e-05
8.5012e-05
8.476e-05
8.855e-05
9.8132e-05
8.5316e-05
9.1646e-05
8.9456e-05
8.7252e-05
8.9201e-05
8.7303e-05
8.9393e-05
9.2045e-05
8.6811e-05
7.5825e-05
7.8088e-05
8.581e-05
9.8342e-05
9.529e-05
8.834e-05
9.4817e-05
9.6545e-05
9.6591e-05
9.8234e-05
9.2859e-05
9.6718e-05
9.1716e-05
0.000102762
9.0703e-05
8.3824e-05
0.000102362
9.8661e-05
0.000102355
9.4448e-05
0.000101131
0.000102924
0.000107865
8.6868e-05
9.6509e-05
9.9582e-05
9.9823e-05
0.00011175
0.000116691
0.000114846
0.00011349
0.000107066
0.000104007
0.00011183
0.000113234
0.00010358
0.000108291
0.000146802
0.000123697
0.000125556
0.000120299
0.000121303
0.000111797
0.000117875
0.000128867
0.000124366
0.000151358
0.000128224
0.000124931
0.000127431
0.000129866
0.000117539
0.000114212
0.00011881
0.000110708
0.000129625
0.000127945
0.000127518
0.000132019
0.000135088
0.000132828
0.000120381
9.2971e-05
0.000104787
0.000138815
0.000136468
0.000138623
0.000154006
0.000137766
0.000138192
0.000152634
0.000159493
0.000117036
0.00011998
0.000124662
0.000128496
0.000129947
0.000176049
0.000147752
0.000173239
0.000147166
0.000146
0.000146885
0.000179358
0.00017936
0.00016159
0.000254531
0.000165147
0.000154915
0.000164505
0.000159125
0.000157212
0.000163513
0.000209359
0.000156035
0.000158015
0.000178409
0.000168208
0.000158724
0.000162469
0.000167655
0.000151818
0.000152083
0.000160006
0.000147549
0.000127417
0.000143754
0.000157347
0.000169326
0.00016288
0.000169039
0.000162243
0.000148708
0.000154782
0.000172043
0.00017239
0.000171475
0.00015217
0.000165121
0.000134086
0.000140317
0.000166198
0.000178333
0.000152356
0.000170662
0.000207892
0.000243038
0.000192087
0.000188904
0.00018819
0.000191444
0.000188833
0.00019042
0.000183426
0.000183885
0.000190718
0.000188798
0.000196575
0.000184749
0.000185343
0.000157462
0.00016068
0.000153412
0.000162356
0.000186047
0.000184879
0.00014992
0.000187714
0.000192906
0.000200883
0.000195299
0.000190275
0.000187783
0.000199408
0.000224774
0.000198209
0.00019432
0.000183047
0.000199545
0.000194404
0.000203666
0.000206347
0.000208723
0.000208349
0.000206273
0.000241734
0.000219315
0.000209426
0.000207663
0.000208779
0.000236889
0.000202497
0.000213854
0.000213781
0.00021025
0.000206638
0.000195036
0.000214937
0.000219721
0.000211784
0.000213041
0.000214595
0.000218124
0.000218752
0.000211441
0.000178907
0.000213067
0.000207164
0.000219608
0.000206846
0.000211919
0.000179837
0.000186023
0.000186006
0.000217308
0.00023429
0.000263974
0.000192018
0.000212178
0.000202107
0.00021913
0.000238464
0.000226527
0.000222076
0.000214768
0.000213136
0.00022235
0.000215678
0.000221749
0.000251124
0.000223468
0.000238863
0.000244974
0.000236809
0.000261505
0.000243693
0.000296797
0.0002408
0.000244861
0.000245527
0.000259232
0.000294134
0.00023925
0.000227379
0.000230832
0.00024625
0.000268158
0.000256663
0.000278134
0.000257533
0.00031182
0.000251445
0.000283269
0.000262032
0.000264811
0.000259895
0.000260799
0.000254477
0.000251813
0.000266288
0.000274457
0.00027442
0.000260511
0.000269456
0.000268747
0.000269313
0.00026951
0.000264908
0.000264154
0.000265967
0.000229267
0.000258488
0.000242363
0.000236807
0.000267476
0.000271432
0.000271295
0.000244747
0.00025983
0.000269937
0.000267496
0.000272051
0.000269864
0.000278816
0.000231763
0.000288741
0.000327644
0.000285934
0.000276247
0.000277527
0.000261571
