8.8e-08
7.3e-08
7.2e-08
7.2e-08
7.2e-08
6.4e-08
6.1e-08
5.9e-08
7.2e-08
6e-08
5.9e-08
7.3e-08
7.3e-08
7.2e-08
1.54e-07
8.2e-08
8e-08
7.3e-08
7.8e-08
7.8e-08
7.3e-08
7.2e-08
7.4e-08
7.4e-08
7.3e-08
7.9e-08
7.4e-08
7.4e-08
7.4e-08
1.56e-07
7.5e-08
7.8e-08
7.4e-08
7.8e-08
7.3e-08
7.8e-08
8.9e-08
7.5e-08
7.9e-08
7.3e-08
7.3e-08
7.2e-08
2.94e-07
1.87e-07
7.06e-07
7.6e-08
2.24e-07
1.78e-07
3.05e-07
2.23e-07
7.4e-08
2.12e-07
2.23e-07
1.75e-07
2.22e-07
7.4e-08
2.39e-07
2.17e-07
2.14e-07
7.5e-08
2.17e-07
1.76e-07
2.15e-07
1.74e-07
7.9e-08
2.25e-07
2.17e-07
3.3e-07
8.8e-08
3.26e-07
2.44e-07
2.2e-07
2.15e-07
7.3e-08
2.18e-07
2.15e-07
2.16e-07
7.8e-08
2.16e-07
2.21e-07
1.85e-07
2.39e-07
6.3e-08
2.23e-07
2.2e-07
1.79e-07
6.74e-07
8.6e-08
2.82e-07
3.68e-07
1.85e-07
7.8e-08
2.46e-07
2.27e-07
2.23e-07
2.56e-07
8e-08
2.43e-07
2.25e-07
2.27e-07
7.6e-08
2.59e-07
1.7e-07
2.16e-07
1.89e-07
7.7e-08
2.56e-07
2.29e-07
1.86e-07
8.4e-08
2.68e-07
2.23e-07
2.18e-07
1.9e-07
7.9e-08
3.73e-07
2.2e-07
2.2e-07
2.25e-07
8e-08
4.45e-07
2.28e-07
1.9e-07
7.8e-08
2.19e-07
3.39e-07
2.54e-07
2.28e-07
7.7e-08
6.96e-07
2.35e-07
2.61e-07
8.3e-08
2.76e-07
3.5e-07
2.23e-07
2.21e-07
8.1e-08
2.08e-07
2.23e-07
2.63e-07
8.6e-08
3.62e-07
2.87e-07
2.55e-07
1.3e-07
7.9e-08
1.67e-07
3.11e-07
2.28e-07
1.32e-07
4e-08
2.45e-07
2.51e-07
2.75e-07
8.3e-08
3.34e-07
2.25e-07
4.1e-07
2.67e-07
7.5e-08
2.52e-07
2.24e-07
2.29e-07
6.3e-08
2e-07
2.3e-07
2.51e-07
2.64e-07
8e-08
4.53e-07
7.33e-07
3.26e-07
9.2e-08
3.37e-07
2.73e-07
2.18e-07
2.14e-07
8.7e-08
4.39e-07
2.85e-07
2.63e-07
2.95e-07
8.3e-08
2.64e-07
2.47e-07
2.34e-07
1.54e-07
2.87e-07
2.39e-07
2.63e-07
2.11e-07
7.6e-08
4.22e-07
2.75e-07
2.42e-07
1.18e-07
2.57e-07
2.25e-07
2.32e-07
1.99e-07
6.3e-08
2.59e-07
2.32e-07
5.06e-07
8.3e-08
2.66e-07
2.81e-07
2.3e-07
1.96e-07
8.5e-08
2.1e-07
3.9e-07
7.36e-07
2.36e-07
8.1e-08
2.29e-07
3.19e-07
2.14e-07
7.5e-08
2.74e-07
3.41e-07
2.49e-07
2.61e-07
8.4e-08
2.63e-07
3.14e-07
3.05e-07
1.32e-07
5.72e-07
2.47e-07
2.32e-07
2.4e-07
8.6e-08
3.72e-07
2.4e-07
2.46e-07
8e-08
2.63e-07
2.58e-07
3.21e-07
4.23e-07
8.6e-08
3.08e-07
2.33e-07
2.29e-07
2.33e-07
8.9e-08
3.26e-07
2.91e-07
4.06e-07
8.3e-08
2.62e-07
2.53e-07
2.5e-07
5.72e-07
1.57e-07
2.61e-07
1.41e-07
1.96e-07
4.8e-08
3.24e-07
2.78e-07
2.82e-07
2.97e-07
2.71e-07
2.6e-07
2.48e-07
2.48e-07
8.4e-08
4.24e-07
2.51e-07
2.89e-07
2.68e-07
9.1e-08
3.31e-07
2.83e-07
2.76e-07
2.61e-07
8.7e-08
2.59e-07
2.63e-07
2.53e-07
8.3e-08
2.76e-07
2.37e-07
2.04e-07
2.38e-07
8.2e-08
3.02e-07
2.82e-07
2.62e-07
8.2e-08
3.04e-07
2.47e-07
4.34e-07
2.44e-07
8e-08
7.08e-07
2.47e-07
2.36e-07
8.4e-08
5.77e-07
2.52e-07
2.93e-07
2.17e-07
8.3e-08
4.58e-07
2.42e-07
2.7e-07
2.53e-07
6.7e-08
2.72e-07
2.76e-07
2.3e-07
8e-08
2.4e-07
2.69e-07
2.77e-07
4.81e-07
8.1e-08
2.81e-07
2.85e-07
2.62e-07
8.6e-08
2.82e-07
2.33e-07
2.34e-07
2.55e-07
8.2e-08
2.8e-07
2.64e-07
2.54e-07
9e-08
3.14e-07
2.68e-07
2.71e-07
2.97e-07
8.4e-08
2.57e-07
1.011e-06
2.36e-07
2.48e-07
8.6e-08
2.75e-07
2.83e-07
2.99e-07
2.35e-07
3.22e-07
2.9e-07
2.9e-07
3.52e-07
8.2e-08
1.92e-07
2.89e-07
3.21e-07
8.8e-08
6.06e-07
2.75e-07
2.72e-07
2.74e-07
8.6e-08
5.69e-07
2.45e-07
2.05e-07
7.6e-08
3.34e-07
2.89e-07
4.41e-07
3.18e-07
8.9e-08
2.95e-07
2.57e-07
2.94e-07
2.74e-07
9.3e-08
3.27e-07
2.75e-07
2.43e-07
8.3e-08
2.69e-07
2.76e-07
7.46e-07
2.69e-07
8.2e-08
2.97e-07
2.72e-07
2.68e-07
8.4e-08
2.77e-07
2.86e-07
2.66e-07
2.78e-07
8.7e-08
2.8e-07
2.82e-07
2.44e-07
8e-08
3.01e-07
3.11e-07
