7.02e-07
1.347e-06
1.997e-06
2.643e-06
3.473e-06
3.32e-06
3.869e-06
5.297e-06
6.11e-06
5.653e-06
7.154e-06
8.01e-06
8.666e-06
9.723e-06
1.112e-05
1.0939e-05
1.1455e-05
1.2379e-05
1.3185e-05
1.3185e-05
1.4009e-05
1.4587e-05
1.5172e-05
1.5706e-05
1.6653e-05
1.8016e-05
1.8219e-05
1.8985e-05
1.9923e-05
1.9904e-05
2.1722e-05
2.1285e-05
2.2856e-05
2.3357e-05
2.329e-05
2.46e-05
2.4756e-05
2.5922e-05
2.5973e-05
2.6951e-05
2.7187e-05
2.7777e-05
2.906e-05
2.8489e-05
2.9293e-05
3.0934e-05
3.0362e-05
3.3982e-05
4.4768e-05
4.1976e-05
3.4109e-05
3.5147e-05
3.2247e-05
3.5738e-05
3.4712e-05
3.7657e-05
3.7841e-05
3.7611e-05
3.7922e-05
3.9028e-05
3.9157e-05
4.021e-05
4.0264e-05
4.2337e-05
4.1062e-05
4.3648e-05
4.8103e-05
4.5209e-05
4.5991e-05
4.6671e-05
4.3891e-05
4.746e-05
4.6614e-05
4.7157e-05
4.7725e-05
4.8139e-05
5.035e-05
4.8071e-05
5.2687e-05
4.8051e-05
4.9636e-05
4.471e-05
5.0734e-05
4.8615e-05
5.3736e-05
5.6151e-05
6.1236e-05
5.9923e-05
5.841e-05
5.9159e-05
5.7543e-05
6.1867e-05
6.339e-05
6.1439e-05
6.3797e-05
6.5121e-05
6.5018e-05
6.3245e-05
6.7216e-05
6.8768e-05
7.0431e-05
6.4468e-05
6.6788e-05
6.8893e-05
6.6257e-05
6.9634e-05
7.4074e-05
7.1201e-05
7.6493e-05
7.6618e-05
7.5789e-05
7.7723e-05
7.8482e-05
7.5552e-05
7.7824e-05
7.7048e-05
7.7045e-05
8.2632e-05
8.1341e-05
8.3064e-05
8.4686e-05
8.3925e-05
8.6036e-05
7.9167e-05
8.9845e-05
8.7742e-05
8.9852e-05
7.5017e-05
8.3292e-05
8.2469e-05
8.6002e-05
8.7768e-05
8.8051e-05
8.9838e-05
9.101e-05
9.165e-05
9.2511e-05
9.1504e-05
9.2696e-05
8.9775e-05
9.6226e-05
9.6214e-05
9.0468e-05
8.4804e-05
6.2406e-05
7.4253e-05
5.3655e-05
6.2513e-05
7.8496e-05
5.9901e-05
5.8121e-05
9.0418e-05
9.645e-05
9.9413e-05
9.8468e-05
9.5801e-05
9.4948e-05
0.000102687
0.000107841
0.000100973
9.804e-05
9.826e-05
0.000108324
0.000100136
9.7941e-05
0.000101704
0.000113096
0.000104823
0.000106412
0.000111657
0.000110992
0.000114285
0.000116755
0.000104845
0.000114439
0.000108312
0.000102203
0.000105325
0.00012056
0.000115972
0.000126174
0.000121738
0.000122105
0.000124051
0.000124607
0.00011997
0.000116214
0.000125629
0.000111968
0.000101049
0.000128692
0.000126029
0.000131185
0.000131732
0.00013255
0.000127806
0.000126646
0.000137753
0.000126916
0.000133515
0.000134685
0.000129686
0.000132044
0.000135062
0.00014123
0.000135389
0.000136803
0.000135908
0.000132354
0.000137942
0.000137594
0.000125246
0.00013333
0.000140356
0.000148419
0.000135798
0.000142139
0.000139662
0.000141235
0.000149524
0.000146771
0.000147165
0.000142265
0.000141087
0.000141414
0.000154006
0.000144003
0.000148031
0.000147983
0.000150156
0.000141528
0.000151532
0.000156175
0.000149813
0.000146469
0.000146721
0.000153994
0.000155013
0.000160964
0.000159859
0.000161085
0.000152638
0.000155497
0.000157005
0.000147773
0.000163847
0.000160902
0.000157456
0.000147361
0.000163356
0.000161892
0.000158987
0.000159982
0.000160293
0.000146528
0.000153201
0.000171953
0.00011751
7.829e-05
9.8638e-05
0.000145497
0.000165297
0.00015938
0.000170025
0.000166046
0.000171808
0.000173934
0.000174256
0.0001721
0.000172928
0.000165993
0.000163977
0.000159937
0.000178717
0.000169552
0.000171356
0.00016104
0.000183581
0.000172569
0.000182212
0.000184352
0.000168218
0.000170494
0.000170545
0.000177469
0.000167773
0.00017096
0.000177477
0.000179925
0.000180151
0.000179946
0.00019551
0.000174782
0.000175097
0.000183671
0.000168204
0.000180043
0.000187723
0.000190557
0.000187194
0.000185004
0.000182577
0.000188119
0.000193928
0.000183286
0.000188079
0.000189645
0.000205061
0.000203032
0.000176678
0.000189256
0.000188932
0.000189689
0.000184596
0.000187976
0.00019207
0.000186381
0.000201996
0.000194386
0.000192298
0.000205449
0.000204653
0.000194555
0.000190632
0.000183579
0.00019351
0.000197641
0.00020404
0.000206584
0.000193868
0.00019722
0.000205064
0.000197219
0.000200515
0.000197181
0.000199935
0.000205936
0.000198103
0.000211959
0.000211861
0.000191856
0.000203033
0.000201859
0.000214198
0.000197857
0.000206408
0.000179269
0.000197065
0.000210354
0.000225527
0.00020085
0.000200762
0.000171553
0.000215833
0.000204961
0.000209761
0.000207863
0.000225811
0.000222265
0.000219429
0.00022643
0.000219319
0.00021018
0.000211637
0.000219489
0.000220013
0.000212003
0.000216024
0.000223333
0.000217702
0.000209527
0.000218298
0.000220815
0.000218185
0.00023341
0.000228491
0.000233033
0.000219626
0.000225607
0.000216547
0.000208506
0.000211974
0.000230537
0.000209947
0.000250411
0.000239912
0.000234494
0.000235166
0.000223743
0.000234946
0.000244817
0.000230331
0.000240054
0.000231699
0.0002233
0.000217734
0.000232458
0.000252098
0.000240086
0.000235669
