9.3e-08
7.6e-08
7.2e-08
7.3e-08
7.1e-08
7.1e-08
7.2e-08
7.1e-08
7.8e-08
7.2e-08
7.3e-08
7.3e-08
1.73e-07
1.03e-07
9.2e-08
9.2e-08
9.2e-08
1.07e-07
9.8e-08
9e-08
9.2e-08
1.77e-07
1.13e-07
1.08e-07
1.02e-07
9.4e-08
1.07e-07
1.63e-07
1.03e-07
9.3e-08
1e-07
9.3e-08
9.9e-08
9.2e-08
9.7e-08
9.9e-08
9.8e-08
1.01e-07
9.3e-08
1.02e-07
9.2e-08
9.6e-08
4.24e-07
4.79e-07
9.95e-07
1.97e-07
4.05e-07
4e-07
3.23e-07
3.9e-07
1.49e-07
2.21e-07
2.22e-07
2.52e-07
2.43e-07
8.1e-08
2.5e-07
3.17e-07
2.65e-07
7.5e-08
2.32e-07
2.91e-07
2.32e-07
2.61e-07
7e-08
2.53e-07
2.3e-07
1.91e-07
8.5e-08
2.44e-07
2.82e-07
1.84e-07
4.3e-07
8.1e-08
2.63e-07
2.49e-07
2.84e-07
7.9e-08
2.43e-07
2.77e-07
2.1e-07
2.32e-07
7.5e-08
2.64e-07
2.68e-07
1.97e-07
7.99e-07
8.5e-08
2.96e-07
2.01e-07
2.5e-07
8.8e-08
3.22e-07
3.58e-07
2.74e-07
4.04e-07
9.7e-08
3.07e-07
2.09e-07
2.39e-07
1.42e-07
4.71e-07
2.19e-07
2.24e-07
2.33e-07
8.8e-08
3.09e-07
2.43e-07
2.29e-07
1.27e-07
3.42e-07
2.95e-07
2.47e-07
2.46e-07
1.05e-07
3.31e-07
2.06e-07
3.45e-07
2.84e-07
8.8e-08
8.73e-07
2.64e-07
2.91e-07
8.6e-08
3.01e-07
2.7e-07
2.46e-07
2.78e-07
8.6e-08
9.69e-07
1.93e-07
2.03e-07
8.2e-08
3.82e-07
2.77e-07
2.94e-07
2.7e-07
8.2e-08
2.97e-07
2.48e-07
4.52e-07
6.8e-08
2.75e-07
2.69e-07
1.78e-07
2.59e-07
8.4e-08
2.61e-07
5.73e-07
2.44e-07
3.09e-07
8e-08
7.62e-07
3.15e-07
2.43e-07
8.1e-08
2.48e-07
2.51e-07
5.36e-07
3.3e-07
1.14e-07
2.92e-07
2.77e-07
4.75e-07
9e-08
2.74e-07
5.45e-07
2.95e-07
3.62e-07
8.9e-08
3.21e-07
7.3e-07
2.71e-07
9.3e-08
5.77e-07
2.75e-07
2.98e-07
3.4e-07
8.8e-08
3.57e-07
2.25e-07
2.68e-07
2.7e-07
8.9e-08
2.72e-07
3.19e-07
3.67e-07
8.6e-08
3.16e-07
2.84e-07
2.81e-07
4.26e-07
6.3e-08
2.89e-07
2.76e-07
2.84e-07
8.5e-08
3.77e-07
2.77e-07
2.8e-07
3.99e-07
1e-07
2.68e-07
2.63e-07
2.19e-07
6.9e-08
4.9e-07
4.44e-07
3.01e-07
3.66e-07
9.2e-08
3.03e-07
6.63e-07
1.012e-06
3.07e-07
9.9e-08
3.51e-07
4.25e-07
2.87e-07
9.9e-08
3.48e-07
5.16e-07
4.51e-07
4.48e-07
8.9e-08
3.02e-07
3.45e-07
3.75e-07
8.6e-08
3.28e-07
4.17e-07
2.88e-07
2.73e-07
6.9e-08
2.17e-07
2.8e-07
2.4e-07
1e-07
3.17e-07
2.8e-07
2.79e-07
4.45e-07
6e-08
5.93e-07
2.98e-07
5.05e-07
2.99e-07
5.7e-08
4.23e-07
1.98e-07
2.4e-07
8.4e-08
2.8e-07
2.06e-07
3.21e-07
1.438e-06
1.7e-07
3.4e-07
3.56e-07
3.42e-07
9.2e-08
4.55e-07
3.53e-07
3.5e-07
3e-07
9.4e-08
3.83e-07
4.55e-07
3.37e-07
9.4e-08
2.78e-07
2.83e-07
3.24e-07
2.15e-07
8.7e-08
3.62e-07
2.68e-07
3.41e-07
3.77e-07
8.8e-08
2.94e-07
3.92e-07
2.9e-07
9.1e-08
4.6e-07
2.6e-07
2.8e-07
3.05e-07
8.4e-08
3.3e-07
4.31e-07
5.49e-07
8.5e-08
3.44e-07
4.33e-07
4.32e-07
7.11e-07
8.8e-08
7.91e-07
3e-07
2.76e-07
8.7e-08
3.35e-07
2.43e-07
3.16e-07
3.03e-07
8.4e-08
5.92e-07
8.24e-07
4.2e-07
3.49e-07
7.3e-08
4.13e-07
4.41e-07
3.14e-07
7.9e-08
3.12e-07
3.26e-07
3e-07
2.93e-07
8.9e-08
3.84e-07
5.16e-07
3.12e-07
9.1e-08
2.98e-07
3.25e-07
3.49e-07
4.28e-07
8.6e-08
3.04e-07
4.43e-07
3.31e-07
6.7e-08
2.56e-07
2.37e-07
3.3e-07
3.2e-07
8.6e-08
2.71e-07
8.45e-07
2.94e-07
3.69e-07
8.8e-08
3.44e-07
3.6e-07
3.15e-07
9.4e-08
3.27e-07
3.52e-07
5.06e-07
3.65e-07
9.1e-08
3.35e-07
3.47e-07
4.92e-07
9.8e-08
3.33e-07
3.37e-07
3.13e-07
3.32e-07
9.4e-08
3.64e-07
3.23e-07
4.21e-07
8.9e-08
4.6e-07
2.99e-07
3.06e-07
4.54e-07
2.4e-07
3.36e-07
3.22e-07
3.25e-07
3.03e-07
1.48e-07
3.2e-07
3.53e-07
3.27e-07
1.15e-07
2.8e-07
3.4e-07
7.78e-07
3.41e-07
1.25e-07
3.65e-07
3.34e-07
2.86e-07
1.12e-07
4.37e-07
3.13e-07
2.97e-07
3.2e-07
7.9e-08
2.65e-07
4.21e-07
3.43e-07
9.6e-08
3.23e-07
3.32e-07
