3.18e-07
3.4e-07
3.73e-07
4.33e-07
4.02e-07
4.1e-07
5.57e-07
4.34e-07
4.33e-07
4.46e-07
4.37e-07
4.67e-07
4.69e-07
4.9e-07
4.93e-07
4.84e-07
5.02e-07
5.18e-07
5.26e-07
9.52e-07
5.69e-07
5.57e-07
5.56e-07
5.48e-07
5.38e-07
5.7e-07
5.84e-07
5.77e-07
5.7e-07
6.28e-07
8.87e-07
6.68e-07
6.77e-07
6.49e-07
6.49e-07
6.84e-07
7.34e-07
7.17e-07
7.23e-07
7.83e-07
7.79e-07
8.17e-07
8.03e-07
7.53e-07
9.16e-07
1.165e-06
1.095e-06
1.186e-06
1.445e-06
1.211e-06
1.165e-06
2.617e-06
1.074e-06
1.557e-06
1.077e-06
1.199e-06
1.617e-06
1.637e-06
1.433e-06
1.313e-06
1.198e-06
1.461e-06
1.298e-06
1.343e-06
1.432e-06
1.298e-06
1.468e-06
1.66e-06
2.075e-06
2.505e-06
2.358e-06
2.608e-06
2.961e-06
3.355e-06
3.352e-06
2.267e-06
2.714e-06
2.317e-06
2.324e-06
2.436e-06
2.442e-06
2.181e-06
2.863e-06
2.125e-06
2.501e-06
2.35e-06
2.141e-06
2.429e-06
2.089e-06
2.782e-06
2.757e-06
2.047e-06
2.261e-06
2.153e-06
2.229e-06
2.266e-06
2.158e-06
2.307e-06
2.387e-06
2.376e-06
2.387e-06
2.292e-06
2.496e-06
2.595e-06
2.326e-06
3.131e-06
2.455e-06
2.672e-06
2.665e-06
3.214e-06
3.366e-06
3.647e-06
3.219e-06
3.445e-06
2.756e-06
3.054e-06
4.429e-06
3.845e-06
4.071e-06
3.089e-06
4.021e-06
3.13e-06
3.075e-06
3.247e-06
3.973e-06
3.577e-06
3.263e-06
3.146e-06
3.527e-06
3.397e-06
3.346e-06
3.394e-06
3.334e-06
3.508e-06
3.499e-06
3.785e-06
3.661e-06
3.497e-06
3.632e-06
3.813e-06
3.671e-06
5.473e-06
4.029e-06
4.717e-06
5.556e-06
5.885e-06
5.776e-06
5.754e-06
4.691e-06
4.323e-06
6.692e-06
4.488e-06
4.421e-06
4.31e-06
4.277e-06
4.705e-06
4.315e-06
4.619e-06
5.052e-06
4.566e-06
4.521e-06
4.723e-06
4.737e-06
4.727e-06
4.561e-06
4.734e-06
4.753e-06
4.566e-06
4.996e-06
4.766e-06
5.418e-06
5.275e-06
5.165e-06
5.67e-06
4.996e-06
5.238e-06
6.534e-06
5.167e-06
5.263e-06
5.213e-06
5.82e-06
5.488e-06
5.207e-06
5.571e-06
5.53e-06
5.562e-06
5.634e-06
5.569e-06
5.853e-06
5.915e-06
5.948e-06
6.067e-06
5.894e-06
6.083e-06
5.97e-06
5.887e-06
6.418e-06
6.116e-06
6.295e-06
6.366e-06
6.441e-06
6.322e-06
7.215e-06
6.574e-06
7.379e-06
8.462e-06
7.215e-06
6.443e-06
6.67e-06
6.852e-06
6.887e-06
6.927e-06
6.863e-06
7.58e-06
6.988e-06
1.3451e-05
8.856e-06
1.0048e-05
9.633e-06
7.928e-06
7.26e-06
7.866e-06
8.078e-06
7.459e-06
8.008e-06
7.814e-06
7.84e-06
7.72e-06
7.767e-06
7.723e-06
7.656e-06
7.896e-06
8.02e-06
9.624e-06
1.0139e-05
1.0079e-05
1.0006e-05
8.378e-06
8.161e-06
9.19e-06
8.684e-06
8.374e-06
8.69e-06
9.68e-06
1.0405e-05
1.0041e-05
8.738e-06
8.831e-06
8.82e-06
9.479e-06
8.928e-06
9.391e-06
9.387e-06
1.052e-05
9.736e-06
9.432e-06
9.521e-06
9.207e-06
9.238e-06
9.208e-06
9.28e-06
9.497e-06
9.917e-06
1.1683e-05
9.72e-06
1.0279e-05
1.0408e-05
1.0446e-05
1.0358e-05
1.18e-05
1.6304e-05
2.0322e-05
1.3503e-05
1.2964e-05
1.0802e-05
1.2459e-05
2.4849e-05
1.8238e-05
1.0629e-05
1.0926e-05
1.0832e-05
1.0275e-05
1.0153e-05
1.0697e-05
1.1153e-05
1.0801e-05
1.1086e-05
1.0804e-05
1.259e-05
1.1876e-05
1.4994e-05
1.3792e-05
1.1443e-05
1.1683e-05
1.1184e-05
1.129e-05
1.1456e-05
1.1186e-05
1.1276e-05
1.2355e-05
1.1267e-05
1.1653e-05
1.1561e-05
1.1811e-05
1.2038e-05
1.1162e-05
1.2335e-05
1.2412e-05
1.203e-05
1.2031e-05
1.2064e-05
1.2904e-05
1.2518e-05
1.2793e-05
1.2228e-05
1.314e-05
1.2288e-05
1.2447e-05
1.703e-05
1.6262e-05
1.4763e-05
1.4191e-05
1.2656e-05
1.2917e-05
1.2913e-05
1.3144e-05
1.272e-05
1.3279e-05
1.2868e-05
1.3118e-05
1.3291e-05
1.3446e-05
1.3834e-05
1.3232e-05
1.3023e-05
1.4018e-05
1.3367e-05
1.4159e-05
1.3655e-05
1.4354e-05
1.355e-05
1.3529e-05
1.4585e-05
1.4575e-05
1.7924e-05
1.5994e-05
1.5223e-05
1.8427e-05
3.4518e-05
4.1124e-05
1.8309e-05
1.5375e-05
1.9789e-05
1.4805e-05
1.4306e-05
1.4412e-05
1.5091e-05
1.4462e-05
1.4535e-05
1.4397e-05
1.4976e-05
1.4773e-05
1.4834e-05
1.4848e-05
1.4733e-05
1.4946e-05
1.494e-05
1.4909e-05
1.5071e-05
1.535e-05
1.5431e-05
1.5155e-05
1.4807e-05
1.5297e-05
1.6203e-05
1.6241e-05
1.6065e-05
1.5462e-05
1.5502e-05
1.5682e-05
1.7343e-05
3.0595e-05
2.3584e-05
1.6287e-05
1.7474e-05
1.5759e-05
1.6088e-05
1.604e-05
1.6594e-05
1.6621e-05
1.6746e-05
1.6511e-05
1.6346e-05
1.6253e-05
1.706e-05
1.6753e-05
1.8171e-05
1.9108e-05
1.7157e-05
1.7089e-05
