6.3e-08
9.1e-08
9e-08
1.23e-07
1.24e-07
1.24e-07
1.27e-07
1.32e-07
1.34e-07
1.35e-07
1.48e-07
1.59e-07
1.66e-07
1.64e-07
1.62e-07
1.67e-07
1.72e-07
1.83e-07
1.84e-07
1.88e-07
1.91e-07
1.89e-07
2.01e-07
2.07e-07
2.16e-07
2.13e-07
2.1e-07
2.25e-07
2.17e-07
2.24e-07
2.19e-07
2.21e-07
2.22e-07
2.19e-07
2.09e-07
2.06e-07
2.08e-07
2.11e-07
2.07e-07
2.1e-07
2.18e-07
2.22e-07
2.25e-07
2.21e-07
2.27e-07
2.19e-07
3.85e-07
2.29e-07
2.35e-07
2.31e-07
2.35e-07
2.37e-07
2.43e-07
2.93e-07
2.69e-07
2.7e-07
2.76e-07
4.42e-07
6.6e-07
2.93e-07
2.78e-07
2.81e-07
2.98e-07
2.87e-07
2.95e-07
2.86e-07
3.02e-07
3.09e-07
3.09e-07
3.02e-07
2.95e-07
3e-07
3.12e-07
3.09e-07
3.05e-07
3.02e-07
3.08e-07
3.15e-07
3.21e-07
3.04e-07
3.1e-07
3.3e-07
3.13e-07
3.17e-07
3.22e-07
3.1e-07
3.32e-07
3.45e-07
3.28e-07
3.18e-07
3.35e-07
3.64e-07
3.4e-07
3.33e-07
3.36e-07
3.4e-07
4.24e-07
3.51e-07
3.51e-07
3.36e-07
3.44e-07
3.5e-07
3.48e-07
3.56e-07
3.48e-07
3.65e-07
3.56e-07
3.71e-07
3.65e-07
3.61e-07
3.65e-07
3.54e-07
3.69e-07
3.61e-07
3.69e-07
4.76e-07
3.82e-07
3.85e-07
3.66e-07
3.76e-07
3.83e-07
3.93e-07
3.82e-07
3.85e-07
4.46e-07
3.97e-07
3.93e-07
3.87e-07
4.02e-07
3.97e-07
3.92e-07
3.92e-07
3.78e-07
4.89e-07
4.84e-07
4.13e-07
4.18e-07
4.05e-07
4.2e-07
3.91e-07
4.31e-07
4.48e-07
4.27e-07
5.12e-07
4e-07
4.25e-07
4.16e-07
4.26e-07
4.18e-07
4.22e-07
4.1e-07
6.42e-07
4.28e-07
4.16e-07
4.26e-07
4.26e-07
4.28e-07
4.27e-07
4.17e-07
4.39e-07
4.32e-07
4.44e-07
4.25e-07
4.37e-07
4.15e-07
4.24e-07
4.44e-07
4.38e-07
5.3e-07
4.4e-07
4.29e-07
4.38e-07
4.5e-07
4.4e-07
4.22e-07
4.38e-07
4.51e-07
4.47e-07
4.3e-07
4.51e-07
4.44e-07
4.49e-07
4.48e-07
4.35e-07
4.55e-07
5.03e-07
4.55e-07
4.63e-07
4.34e-07
4.52e-07
4.61e-07
4.55e-07
4.82e-07
4.69e-07
4.61e-07
4.49e-07
4.54e-07
4.49e-07
4.58e-07
4.6e-07
4.58e-07
5.14e-07
4.78e-07
4.75e-07
4.69e-07
4.71e-07
4.45e-07
4.73e-07
4.59e-07
4.76e-07
5.43e-07
4.71e-07
4.85e-07
4.52e-07
4.78e-07
4.59e-07
4.73e-07
4.85e-07
5.29e-07
4.87e-07
4.66e-07
4.71e-07
5.52e-07
4.92e-07
5.02e-07
4.96e-07
4.74e-07
4.74e-07
4.71e-07
4.97e-07
5.62e-07
4.84e-07
4.73e-07
4.93e-07
4.92e-07
4.88e-07
5.03e-07
5.2e-07
8.9e-07
5.18e-07
5e-07
4.95e-07
4.96e-07
4.95e-07
5.07e-07
5.03e-07
5.36e-07
5.19e-07
5.23e-07
4.85e-07
5.03e-07
5.08e-07
4.96e-07
6.29e-07
5.04e-07
5.15e-07
5.1e-07
4.95e-07
5.32e-07
5.12e-07
5.82e-07
5.15e-07
5.84e-07
5.6e-07
5.23e-07
5.26e-07
4.96e-07
6.4e-07
5.08e-07
5.54e-07
5.47e-07
5.67e-07
5.49e-07
5.44e-07
5.33e-07
5.61e-07
5.39e-07
5.54e-07
5.35e-07
5.12e-07
5.26e-07
5.33e-07
5.48e-07
5.66e-07
5.31e-07
5.28e-07
5.42e-07
5.5e-07
4.98e-07
5.16e-07
5.55e-07
5.3e-07
5.5e-07
5.26e-07
5.36e-07
5.21e-07
5.18e-07
6.93e-07
5.25e-07
5.42e-07
5.34e-07
5.33e-07
5.2e-07
5.36e-07
5.59e-07
6.32e-07
5.47e-07
5.52e-07
5.49e-07
5.16e-07
5.23e-07
5.5e-07
5.33e-07
6.21e-07
5.59e-07
5.69e-07
5.28e-07
5.46e-07
5.35e-07
7.87e-07
5.47e-07
5.34e-07
5.72e-07
5.36e-07
5.2e-07
5.39e-07
6.01e-07
5.41e-07
6.65e-07
5.43e-07
5.53e-07
5.4e-07
5.3e-07
5.42e-07
5.57e-07
5.03e-07
5.64e-07
5.35e-07
5.65e-07
5.64e-07
5.46e-07
6.03e-07
5.43e-07
5.44e-07
5.71e-07
5.5e-07
5.77e-07
5.27e-07
5.55e-07
5.56e-07
5.79e-07
5.53e-07
5.73e-07
5.24e-07
5.29e-07
5.47e-07
5.79e-07
5.5e-07
5.67e-07
5.31e-07
5.55e-07
5.29e-07
5.33e-07
5.92e-07
5.76e-07
5.56e-07
5.64e-07
5.6e-07
5.49e-07
5.55e-07
5.52e-07
6.41e-07
5.66e-07
5.76e-07
5.65e-07
5.24e-07
5.57e-07
5.45e-07
5.82e-07
5.61e-07
5.66e-07
5.65e-07
5.56e-07
5.9e-07
5.73e-07
6.57e-07
5.92e-07
5.9e-07
5.7e-07
5.31e-07
5.69e-07
5.62e-07
6.23e-07
6.18e-07
5.91e-07
5.16e-07
5.81e-07
5.88e-07
5.85e-07
5.38e-07
