1.45e-07
1.36e-07
1.53e-07
1.64e-07
1.66e-07
1.76e-07
1.73e-07
1.87e-07
1.87e-07
1.94e-07
2.01e-07
2.06e-07
2.05e-07
2.21e-07
2.32e-07
2.26e-07
2.37e-07
2.41e-07
2.39e-07
2.56e-07
2.68e-07
2.64e-07
2.58e-07
2.52e-07
2.65e-07
2.64e-07
2.72e-07
2.89e-07
2.81e-07
4.75e-07
3.97e-07
3.11e-07
3.02e-07
2.98e-07
3.03e-07
2.99e-07
3.14e-07
3.15e-07
3.79e-07
3.37e-07
3.14e-07
3.32e-07
3.47e-07
3.32e-07
4.63e-07
4.52e-07
4.2e-07
4.83e-07
4.38e-07
3.71e-07
3.65e-07
3.99e-07
3.6e-07
3.65e-07
3.8e-07
3.78e-07
5.02e-07
4.63e-07
4.12e-07
3.84e-07
3.83e-07
4.09e-07
3.98e-07
3.85e-07
4.11e-07
3.85e-07
3.95e-07
4.09e-07
7.15e-07
5.82e-07
5.75e-07
5.9e-07
6.18e-07
6.16e-07
6.31e-07
4.78e-07
5.96e-07
5.26e-07
5.9e-07
5.99e-07
6.14e-07
5.42e-07
5.46e-07
5.7e-07
5.81e-07
5.16e-07
6.29e-07
4.83e-07
5.62e-07
5.9e-07
6.19e-07
4.66e-07
4.43e-07
4.07e-07
4.58e-07
4.49e-07
4.32e-07
4.32e-07
4.34e-07
4.19e-07
4.38e-07
4.6e-07
4.44e-07
4.39e-07
4.54e-07
5.25e-07
4.49e-07
4.64e-07
4.38e-07
5.93e-07
6.1e-07
5.85e-07
6.12e-07
7.41e-07
4.7e-07
7.08e-07
6.6e-07
6.67e-07
6.19e-07
5.09e-07
5.27e-07
5.21e-07
4.85e-07
5.76e-07
7.14e-07
5.33e-07
5.11e-07
5.16e-07
5.44e-07
5.11e-07
5.15e-07
5.36e-07
5.25e-07
5.2e-07
5.31e-07
5.78e-07
5.09e-07
5.56e-07
5.45e-07
5.5e-07
5.19e-07
6.59e-07
5.82e-07
8.04e-07
8.11e-07
7.83e-07
7.94e-07
8.61e-07
6.4e-07
6e-07
6.52e-07
6.25e-07
6.18e-07
6.06e-07
5.92e-07
6.41e-07
5.72e-07
6.06e-07
6.23e-07
6.2e-07
6.28e-07
6.83e-07
6.26e-07
6.6e-07
6.04e-07
6.35e-07
6.1e-07
6.5e-07
6.23e-07
6.71e-07
6.9e-07
7.92e-07
6.84e-07
6.09e-07
7.18e-07
7.88e-07
9.32e-07
6.45e-07
6.98e-07
7.18e-07
7.67e-07
7.17e-07
7.25e-07
7.55e-07
6.75e-07
7.12e-07
7.43e-07
8.72e-07
7.5e-07
7.55e-07
1.019e-06
7.7e-07
7.08e-07
7.73e-07
8.2e-07
8.12e-07
8.13e-07
8.6e-07
8.47e-07
8.26e-07
7.43e-07
8.62e-07
8.66e-07
8.83e-07
1.096e-06
1.189e-06
8.65e-07
8.58e-07
8.35e-07
8.28e-07
8.46e-07
9.11e-07
9.69e-07
1.178e-06
9.26e-07
1.056e-06
1.424e-06
1.357e-06
1.14e-06
9.78e-07
1.049e-06
1.054e-06
1.013e-06
9.74e-07
9.99e-07
9.36e-07
1.005e-06
9.85e-07
9.39e-07
9.61e-07
1.045e-06
8.86e-07
8.84e-07
1.239e-06
1.183e-06
1.09e-06
1.001e-06
1.046e-06
1.28e-06
1.12e-06
1.145e-06
1.081e-06
1.06e-06
1.178e-06
1.31e-06
1.151e-06
1.126e-06
1.168e-06
1.06e-06
1.109e-06
1.184e-06
1.007e-06
1.126e-06
1.52e-06
1.14e-06
1.115e-06
1.102e-06
1.239e-06
1.799e-06
1.084e-06
1.175e-06
9.99e-07
1.396e-06
1.708e-06
1.213e-06
1.393e-06
1.133e-06
1.879e-06
1.234e-06
1.701e-06
2.998e-06
2.162e-06
1.882e-06
1.425e-06
1.498e-06
4.633e-06
2.0456e-05
1.622e-06
1.604e-06
1.31e-06
1.287e-06
1.314e-06
1.097e-06
1.408e-06
1.412e-06
1.451e-06
1.401e-06
1.504e-06
1.389e-06
1.992e-06
2.179e-06
2.083e-06
1.834e-06
1.487e-06
1.422e-06
1.368e-06
1.202e-06
1.411e-06
1.28e-06
1.535e-06
1.381e-06
1.359e-06
1.444e-06
1.559e-06
1.606e-06
1.437e-06
1.607e-06
1.618e-06
1.377e-06
1.474e-06
1.446e-06
1.641e-06
1.649e-06
1.535e-06
1.619e-06
1.44e-06
1.487e-06
1.607e-06
3.087e-06
2.316e-06
1.811e-06
1.633e-06
1.83e-06
1.802e-06
1.862e-06
1.669e-06
1.766e-06
1.607e-06
1.598e-06
1.787e-06
1.604e-06
1.644e-06
1.819e-06
1.775e-06
1.712e-06
1.773e-06
1.805e-06
1.846e-06
2.413e-06
1.714e-06
1.538e-06
2.232e-06
1.643e-06
1.948e-06
2.773e-06
2.535e-06
2.287e-06
3.411e-06
3.002e-06
4.416e-06
2.665e-06
2.834e-06
2.398e-06
2.01e-06
1.943e-06
1.939e-06
1.963e-06
1.929e-06
2.25e-06
1.973e-06
1.613e-06
2.03e-06
2.132e-06
2.291e-06
2.162e-06
1.728e-06
2.345e-06
2.272e-06
2.418e-06
2.254e-06
2.287e-06
2.271e-06
2.268e-06
2.075e-06
3.795e-06
2.136e-06
2.265e-06
2.064e-06
2.201e-06
1.993e-06
2.01e-06
2.709e-06
2.892e-06
2.321e-06
2.176e-06
2.404e-06
2.376e-06
2.44e-06
2.194e-06
2.349e-06
2.597e-06
2.358e-06
2.085e-06
2.174e-06
2.22e-06
2.307e-06
3.465e-06
2.813e-06
3.049e-06
2.358e-06
