2.84e-07
2.54e-07
2.64e-07
2.72e-07
2.85e-07
2.94e-07
3.05e-07
3.17e-07
3.15e-07
3.27e-07
3.32e-07
3.35e-07
3.35e-07
3.32e-07
3.46e-07
3.57e-07
3.54e-07
3.77e-07
3.67e-07
4.65e-07
3.7e-07
3.73e-07
5.96e-07
4.05e-07
4.03e-07
4.11e-07
4.19e-07
3.99e-07
4.16e-07
4.16e-07
4.17e-07
4.2e-07
4.29e-07
7.3e-07
1.059e-06
4.12e-07
4.05e-07
4.02e-07
4.04e-07
4.06e-07
4.02e-07
4.1e-07
4.11e-07
5.94e-07
5.15e-07
4.41e-07
1.032e-06
5.59e-07
5.41e-07
4.45e-07
5.26e-07
9.64e-07
5.27e-07
4.51e-07
5.92e-07
5.62e-07
5.76e-07
4.7e-07
1.004e-06
5.91e-07
4.79e-07
5.9e-07
5.99e-07
5.95e-07
4.88e-07
5.8e-07
5.9e-07
8.11e-07
6.26e-07
6.2e-07
5.89e-07
4.93e-07
5.9e-07
6.06e-07
5.96e-07
5.02e-07
5.95e-07
7.07e-07
5.45e-07
6.16e-07
6.08e-07
6.34e-07
5.07e-07
6.29e-07
6.2e-07
5.19e-07
6.13e-07
7.26e-07
7.19e-07
5.59e-07
6.24e-07
9.79e-07
5.56e-07
6.66e-07
6.33e-07
5.29e-07
6.47e-07
6.57e-07
6.61e-07
5.22e-07
6.38e-07
6.28e-07
5.37e-07
6.36e-07
6.5e-07
5.52e-07
6.86e-07
6.65e-07
5.4e-07
6.36e-07
6.78e-07
5.75e-07
6.48e-07
6.67e-07
5.57e-07
6.61e-07
6.81e-07
5.56e-07
6.68e-07
6.56e-07
5.57e-07
6.81e-07
6.59e-07
5.22e-07
6.54e-07
7.09e-07
5.46e-07
6.36e-07
6.71e-07
5.37e-07
6.59e-07
6.65e-07
5.51e-07
6.95e-07
6.89e-07
5.97e-07
6.8e-07
6.83e-07
5.54e-07
6.9e-07
9.33e-07
5.94e-07
6.81e-07
8.22e-07
5.74e-07
6.81e-07
6.79e-07
5.92e-07
6.76e-07
6.96e-07
5.83e-07
6.81e-07
8.22e-07
7.38e-07
6.77e-07
6.25e-07
6.85e-07
7.02e-07
5.81e-07
6.95e-07
7.6e-07
5.89e-07
7.21e-07
7.05e-07
5.69e-07
6.89e-07
6.97e-07
5.6e-07
6.79e-07
5.95e-07
7.12e-07
6.87e-07
6e-07
6.84e-07
6.05e-07
6.82e-07
6.64e-07
6.15e-07
7.18e-07
7.17e-07
5.76e-07
7.06e-07
7.07e-07
6.01e-07
7.07e-07
6.03e-07
8.08e-07
7.04e-07
6.12e-07
7.15e-07
7.09e-07
6.24e-07
1.062e-06
6.18e-07
7.23e-07
7.39e-07
6.01e-07
7.14e-07
7.26e-07
5.88e-07
6.89e-07
6.11e-07
6.79e-07
6.81e-07
5.91e-07
7.05e-07
6.17e-07
7.24e-07
6.91e-07
5.93e-07
8.16e-07
6.18e-07
7.23e-07
7.04e-07
6.26e-07
7.14e-07
6.19e-07
7.11e-07
8.01e-07
6.33e-07
7.07e-07
5.96e-07
7.43e-07
8.05e-07
5.92e-07
7.2e-07
6.37e-07
7.33e-07
7.36e-07
7.57e-07
7.02e-07
6.23e-07
7.9e-07
6.16e-07
7.58e-07
7.21e-07
6.34e-07
7.36e-07
6.41e-07
8.76e-07
6.35e-07
7.6e-07
7.35e-07
6.04e-07
7.14e-07
6.27e-07
8.48e-07
6.04e-07
1.082e-06
6.37e-07
7.4e-07
8.36e-07
6.19e-07
7.39e-07
6.8e-07
7.68e-07
7.39e-07
6.34e-07
7.45e-07
6.57e-07
7.61e-07
1.109e-06
7.79e-07
1.211e-06
6.55e-07
7.53e-07
6.65e-07
7.82e-07
6.88e-07
7.82e-07
6.59e-07
7.92e-07
8.26e-07
6.91e-07
7.88e-07
8.19e-07
7.66e-07
6.64e-07
7.57e-07
7.61e-07
6.78e-07
7.26e-07
7e-07
7.4e-07
6.43e-07
7.37e-07
6.15e-07
7.18e-07
6.6e-07
7.28e-07
7.23e-07
7.66e-07
7.52e-07
6.59e-07
7.64e-07
6.57e-07
7.35e-07
6.28e-07
8.61e-07
6.88e-07
7.51e-07
6.38e-07
7.46e-07
7.68e-07
6.27e-07
6.1e-07
8e-07
1.101e-06
6.46e-07
7.45e-07
6.55e-07
7.32e-07
6.28e-07
1.761e-06
6.88e-07
8.49e-07
6.38e-07
7.75e-07
6.45e-07
7.7e-07
7.04e-07
8.27e-07
6.4e-07
7.68e-07
6.39e-07
7.59e-07
6.36e-07
7.76e-07
7.6e-07
6.63e-07
7.77e-07
6.56e-07
7.53e-07
6.34e-07
8.23e-07
6.48e-07
7.06e-07
6.25e-07
7.31e-07
6.45e-07
8.12e-07
6.9e-07
7.63e-07
7.21e-07
7.72e-07
6.14e-07
7.65e-07
6.43e-07
7.64e-07
7.07e-07
8.31e-07
6.44e-07
7.44e-07
6.6e-07
1.095e-06
6.71e-07
8.5e-07
6.6e-07
7.81e-07
6.34e-07
7.85e-07
6.3e-07
7.3e-07
6.86e-07
7.89e-07
6.22e-07
7.81e-07
6.37e-07
7.6e-07
6.6e-07
7.79e-07
7.3e-07
1.191e-06
6.68e-07
7.89e-07
6.38e-07
7.62e-07
6.31e-07
8.7e-07
6.48e-07
7.9e-07
6.23e-07
7.46e-07
6.39e-07
7.53e-07
6.49e-07
8.22e-07
6.48e-07
7.64e-07
6.65e-07
7.77e-07
6.9e-07
7.39e-07
8.6e-07
8.26e-07
6.57e-07
7.76e-07
6.45e-07
7.49e-07
6.45e-07
